t_resolution                            - 0.01
accuracy                                - 3

u                                       - 150.0
density                                 - 1.225
C                                       - 1.47
r                                       - 0.0213
start_angle                             - 45.0
start_height                            - 1.0
m                                       - 2.0
g_acceleration                          - -9.8

t	s	v	angle	v_vertical	v_horizontal	s_vertical	s_horizontal	air_resistance	air_resistance_vertical	air_resistance_horizontal	acceleration_vertical	acceleration_horizontal
0	1.0	150.0	45.0	106.05	106.05	0.0	0.0	-	-	-	-	-
0.01	2.061	149.764	44.973	105.85	105.948	1.06	1.06	-28.875	-20.414	-20.414	-20.007	-10.207
0.02	3.12	149.528	44.973	105.683	105.781	2.119	2.119	-28.784	-20.35	-20.35	-19.975	-10.175
0.03	4.177	149.293	44.973	105.517	105.615	3.176	3.176	-28.693	-20.286	-20.286	-19.943	-10.143
0.04	5.233	149.058	44.973	105.351	105.449	4.232	4.232	-28.603	-20.222	-20.222	-19.911	-10.111
0.05	6.287	148.824	44.973	105.185	105.283	5.286	5.286	-28.513	-20.159	-20.159	-19.879	-10.079
0.06	7.339	148.59	44.973	105.02	105.118	6.338	6.338	-28.424	-20.095	-20.095	-19.848	-10.048
0.07	8.39	148.357	44.973	104.855	104.953	7.389	7.389	-28.334	-20.032	-20.032	-19.816	-10.016
0.08	9.439	148.124	44.973	104.691	104.789	8.438	8.438	-28.245	-19.97	-19.97	-19.785	-9.985
0.09	10.486	147.892	44.973	104.526	104.624	9.485	9.485	-28.157	-19.907	-19.907	-19.753	-9.953
0.1	11.532	147.66	44.973	104.362	104.46	10.531	10.531	-28.069	-19.845	-19.845	-19.722	-9.922
0.11	12.576	147.429	44.973	104.199	104.297	11.575	11.575	-27.981	-19.782	-19.782	-19.691	-9.891
0.12	13.618	147.198	44.973	104.036	104.134	12.617	12.617	-27.893	-19.72	-19.72	-19.66	-9.86
0.13	14.659	146.967	44.973	103.873	103.971	13.658	13.658	-27.806	-19.659	-19.659	-19.629	-9.829
0.14	15.698	146.737	44.973	103.71	103.808	14.697	14.697	-27.719	-19.597	-19.597	-19.599	-9.799
0.15	16.735	146.507	44.973	103.547	103.645	15.734	15.734	-27.632	-19.536	-19.536	-19.568	-9.768
0.16	17.771	146.278	44.973	103.385	103.483	16.77	16.77	-27.545	-19.475	-19.475	-19.537	-9.737
0.17	18.805	146.049	44.973	103.223	103.321	17.804	17.804	-27.459	-19.414	-19.414	-19.507	-9.707
0.18	19.838	145.821	44.973	103.062	103.16	18.837	18.837	-27.373	-19.353	-19.353	-19.477	-9.677
0.19	20.869	145.593	44.973	102.901	102.999	19.868	19.868	-27.288	-19.293	-19.293	-19.446	-9.646
0.2	21.898	145.366	44.973	102.74	102.838	20.897	20.897	-27.203	-19.232	-19.232	-19.416	-9.616
0.21	22.926	145.139	44.973	102.58	102.678	21.925	21.925	-27.118	-19.172	-19.172	-19.386	-9.586
0.22	23.952	144.913	44.973	102.42	102.518	22.951	22.951	-27.033	-19.113	-19.113	-19.356	-9.556
0.23	24.977	144.687	44.973	102.26	102.358	23.976	23.976	-26.949	-19.053	-19.053	-19.327	-9.527
0.24	26.0	144.462	44.973	102.101	102.199	24.999	24.999	-26.865	-18.994	-18.994	-19.297	-9.497
0.25	27.021	144.237	44.972	101.942	102.04	26.02	26.02	-26.782	-18.935	-18.935	-19.267	-9.467
0.26	28.041	144.012	44.972	101.783	101.881	27.04	27.04	-26.698	-18.876	-18.876	-19.238	-9.438
0.27	29.059	143.788	44.972	101.624	101.722	28.058	28.058	-26.615	-18.817	-18.817	-19.208	-9.408
0.28	30.076	143.564	44.972	101.466	101.564	29.075	29.075	-26.532	-18.758	-18.758	-19.179	-9.379
0.29	31.091	143.341	44.972	101.308	101.406	30.09	30.09	-26.45	-18.7	-18.7	-19.15	-9.35
0.3	32.104	143.118	44.972	101.151	101.249	31.103	31.103	-26.368	-18.642	-18.642	-19.121	-9.321
0.31	33.116	142.896	44.972	100.994	101.092	32.115	32.115	-26.286	-18.584	-18.584	-19.092	-9.292
0.32	34.126	142.674	44.972	100.837	100.935	33.125	33.125	-26.204	-18.526	-18.526	-19.063	-9.263
0.33	35.135	142.453	44.972	100.68	100.778	34.134	34.134	-26.123	-18.469	-18.469	-19.034	-9.234
0.34	36.142	142.232	44.972	100.524	100.622	35.141	35.141	-26.042	-18.412	-18.412	-19.006	-9.206
0.35	37.148	142.011	44.972	100.368	100.466	36.147	36.147	-25.961	-18.355	-18.355	-18.977	-9.177
0.36	38.152	141.791	44.972	100.212	100.31	37.151	37.151	-25.881	-18.298	-18.298	-18.949	-9.149
0.37	39.154	141.571	44.972	100.057	100.155	38.153	38.153	-25.801	-18.241	-18.241	-18.921	-9.121
0.38	40.155	141.352	44.972	99.902	100.0	39.154	39.154	-25.721	-18.184	-18.184	-18.892	-9.092
0.39	41.154	141.133	44.972	99.747	99.845	40.153	40.153	-25.641	-18.128	-18.128	-18.864	-9.064
0.4	42.152	140.915	44.972	99.593	99.691	41.151	41.151	-25.562	-18.072	-18.072	-18.836	-9.036
0.41	43.148	140.697	44.972	99.439	99.537	42.147	42.147	-25.483	-18.016	-18.016	-18.808	-9.008
0.42	44.143	140.479	44.972	99.285	99.383	43.142	43.142	-25.404	-17.961	-17.961	-18.78	-8.98
0.43	45.136	140.262	44.972	99.131	99.229	44.135	44.135	-25.325	-17.905	-17.905	-18.753	-8.953
0.44	46.128	140.045	44.972	98.978	99.076	45.127	45.127	-25.247	-17.85	-17.85	-18.725	-8.925
0.45	47.118	139.829	44.972	98.825	98.923	46.117	46.117	-25.169	-17.795	-17.795	-18.697	-8.897
0.46	48.107	139.613	44.972	98.672	98.77	47.106	47.106	-25.092	-17.74	-17.74	-18.67	-8.87
0.47	49.094	139.398	44.972	98.52	98.618	48.093	48.093	-25.014	-17.685	-17.685	-18.642	-8.842
0.48	50.08	139.183	44.971	98.368	98.466	49.079	49.079	-24.937	-17.631	-17.631	-18.615	-8.815
0.49	51.064	138.968	44.971	98.217	98.315	50.063	50.063	-24.86	-17.576	-17.576	-18.588	-8.788
0.5	52.047	138.754	44.971	98.065	98.163	51.046	51.046	-24.783	-17.522	-17.522	-18.561	-8.761
0.51	53.028	138.54	44.971	97.914	98.012	52.027	52.027	-24.707	-17.468	-17.468	-18.534	-8.734
0.52	54.007	138.327	44.971	97.763	97.861	53.006	53.006	-24.631	-17.414	-17.414	-18.507	-8.707
0.53	54.985	138.114	44.971	97.612	97.71	53.984	53.984	-24.555	-17.361	-17.361	-18.48	-8.68
0.54	55.961	137.901	44.971	97.462	97.56	54.96	54.96	-24.48	-17.307	-17.307	-18.454	-8.654
0.55	56.936	137.689	44.971	97.312	97.41	55.935	55.935	-24.404	-17.254	-17.254	-18.427	-8.627
0.56	57.909	137.477	44.971	97.162	97.26	56.908	56.908	-24.329	-17.201	-17.201	-18.4	-8.6
0.57	58.881	137.266	44.971	97.012	97.11	57.88	57.88	-24.255	-17.148	-17.148	-18.374	-8.574
0.58	59.851	137.055	44.971	96.864	96.962	58.85	58.85	-24.18	-17.095	-17.095	-18.348	-8.548
0.59	60.82	136.845	44.971	96.715	96.813	59.819	59.819	-24.106	-17.043	-17.043	-18.321	-8.521
0.6	61.787	136.635	44.971	96.566	96.664	60.786	60.786	-24.032	-16.991	-16.991	-18.295	-8.495
0.61	62.753	136.425	44.971	96.418	96.516	61.752	61.752	-23.958	-16.939	-16.939	-18.269	-8.469
0.62	63.718	136.216	44.971	96.27	96.368	62.717	62.717	-23.885	-16.887	-16.887	-18.243	-8.443
0.63	64.681	136.007	44.971	96.123	96.221	63.68	63.68	-23.812	-16.835	-16.835	-18.217	-8.417
0.64	65.643	135.799	44.971	95.975	96.073	64.642	64.642	-23.739	-16.783	-16.783	-18.192	-8.392
0.65	66.603	135.591	44.971	95.828	95.926	65.602	65.602	-23.666	-16.732	-16.732	-18.166	-8.366
0.66	67.562	135.383	44.971	95.681	95.779	66.561	66.561	-23.594	-16.681	-16.681	-18.14	-8.34
0.67	68.519	135.176	44.971	95.535	95.633	67.518	67.518	-23.521	-16.63	-16.63	-18.115	-8.315
0.68	69.475	134.969	44.971	95.389	95.487	68.474	68.474	-23.449	-16.579	-16.579	-18.089	-8.289
0.69	70.429	134.762	44.971	95.242	95.34	69.428	69.428	-23.378	-16.528	-16.528	-18.064	-8.264
0.7	71.382	134.556	44.97	95.096	95.194	70.381	70.381	-23.306	-16.477	-16.477	-18.039	-8.239
0.71	72.333	134.35	44.97	94.951	95.049	71.332	71.332	-23.235	-16.427	-16.427	-18.013	-8.213
0.72	73.283	134.145	44.97	94.806	94.904	72.282	72.282	-23.164	-16.377	-16.377	-17.988	-8.188
0.73	74.231	133.94	44.97	94.661	94.759	73.23	73.23	-23.093	-16.327	-16.327	-17.963	-8.163
0.74	75.178	133.735	44.97	94.516	94.614	74.177	74.177	-23.023	-16.277	-16.277	-17.938	-8.138
0.75	76.124	133.531	44.97	94.372	94.47	75.123	75.123	-22.952	-16.227	-16.227	-17.914	-8.114
0.76	77.068	133.327	44.97	94.228	94.326	76.067	76.067	-22.882	-16.178	-16.178	-17.889	-8.089
0.77	78.011	133.124	44.97	94.084	94.182	77.01	77.01	-22.812	-16.128	-16.128	-17.864	-8.064
0.78	78.952	132.921	44.97	93.94	94.038	77.951	77.951	-22.743	-16.079	-16.079	-17.84	-8.04
0.79	79.892	132.718	44.97	93.797	93.895	78.891	78.891	-22.674	-16.03	-16.03	-17.815	-8.015
0.8	80.83	132.516	44.97	93.654	93.752	79.829	79.829	-22.604	-15.981	-15.981	-17.791	-7.991
0.81	81.767	132.314	44.97	93.511	93.609	80.766	80.766	-22.536	-15.933	-15.933	-17.766	-7.966
0.82	82.702	132.112	44.97	93.369	93.467	81.701	81.701	-22.467	-15.884	-15.884	-17.742	-7.942
0.83	83.636	131.911	44.97	93.226	93.324	82.635	82.635	-22.398	-15.836	-15.836	-17.718	-7.918
0.84	84.569	131.71	44.97	93.084	93.182	83.568	83.568	-22.33	-15.788	-15.788	-17.694	-7.894
0.85	85.5	131.51	44.97	92.942	93.04	84.499	84.499	-22.262	-15.739	-15.739	-17.67	-7.87
0.86	86.43	131.31	44.97	92.801	92.899	85.429	85.429	-22.195	-15.692	-15.692	-17.646	-7.846
0.87	87.358	131.11	44.97	92.66	92.758	86.357	86.357	-22.127	-15.644	-15.644	-17.622	-7.822
0.88	88.285	130.911	44.97	92.519	92.617	87.284	87.284	-22.06	-15.596	-15.596	-17.598	-7.798
0.89	89.211	130.712	44.97	92.378	92.476	88.21	88.21	-21.993	-15.549	-15.549	-17.575	-7.775
0.9	90.135	130.513	44.97	92.238	92.336	89.134	89.134	-21.926	-15.502	-15.502	-17.551	-7.751
0.91	91.058	130.315	44.97	92.097	92.195	90.057	90.057	-21.859	-15.455	-15.455	-17.527	-7.727
0.92	91.979	130.117	44.969	91.958	92.056	90.978	90.978	-21.793	-15.408	-15.408	-17.504	-7.704
0.93	92.899	129.919	44.969	91.818	91.916	91.898	91.898	-21.727	-15.361	-15.361	-17.481	-7.681
0.94	93.818	129.722	44.969	91.678	91.776	92.817	92.817	-21.661	-15.314	-15.314	-17.457	-7.657
0.95	94.735	129.525	44.969	91.539	91.637	93.734	93.734	-21.595	-15.268	-15.268	-17.434	-7.634
0.96	95.651	129.329	44.969	91.4	91.498	94.65	94.65	-21.53	-15.222	-15.222	-17.411	-7.611
0.97	96.565	129.133	44.969	91.262	91.36	95.564	95.564	-21.465	-15.176	-15.176	-17.388	-7.588
0.98	97.478	128.937	44.969	91.123	91.221	96.477	96.477	-21.4	-15.13	-15.13	-17.365	-7.565
0.99	98.39	128.742	44.969	90.985	91.083	97.389	97.389	-21.335	-15.084	-15.084	-17.342	-7.542
1.0	99.3	128.547	44.969	90.847	90.945	98.299	98.299	-21.27	-15.038	-15.038	-17.319	-7.519
1.01	100.209	128.352	44.969	90.71	90.808	99.208	99.208	-21.206	-14.993	-14.993	-17.296	-7.496
1.02	101.116	128.158	44.969	90.572	90.67	100.115	100.115	-21.142	-14.947	-14.947	-17.274	-7.474
1.03	102.022	127.964	44.969	90.435	90.533	101.021	101.021	-21.078	-14.902	-14.902	-17.251	-7.451
1.04	102.927	127.77	44.969	90.298	90.396	101.926	101.926	-21.014	-14.857	-14.857	-17.228	-7.428
1.05	103.83	127.577	44.969	90.161	90.259	102.829	102.829	-20.95	-14.812	-14.812	-17.206	-7.406
1.06	104.732	127.384	44.969	90.025	90.123	103.731	103.731	-20.887	-14.767	-14.767	-17.184	-7.384
1.07	105.633	127.191	44.969	89.889	89.987	104.632	104.632	-20.824	-14.723	-14.723	-17.161	-7.361
1.08	106.532	126.999	44.969	89.753	89.851	105.531	105.531	-20.761	-14.678	-14.678	-17.139	-7.339
1.09	107.43	126.807	44.969	89.617	89.715	106.429	106.429	-20.698	-14.634	-14.634	-17.117	-7.317
1.1	108.327	126.615	44.969	89.482	89.58	107.326	107.326	-20.636	-14.589	-14.589	-17.095	-7.295
1.11	109.222	126.424	44.969	89.346	89.444	108.221	108.221	-20.573	-14.545	-14.545	-17.073	-7.273
1.12	110.116	126.233	44.969	89.211	89.309	109.115	109.115	-20.511	-14.501	-14.501	-17.051	-7.251
1.13	111.008	126.042	44.968	89.076	89.174	110.007	110.007	-20.449	-14.458	-14.458	-17.029	-7.229
1.14	111.899	125.941	44.928	88.942	89.166	110.898	110.899	-20.387	-14.414	-14.434	-17.007	-7.217
1.15	112.788	125.751	44.887	88.744	89.094	111.787	111.791	-20.355	-14.37	-14.411	-16.985	-7.206
1.16	113.676	125.562	44.887	88.611	88.96	112.675	112.681	-20.293	-14.327	-14.368	-16.964	-7.184
1.17	114.562	125.373	44.887	88.477	88.826	113.561	113.57	-20.232	-14.284	-14.325	-16.942	-7.162
1.18	115.447	125.184	44.887	88.344	88.693	114.446	114.458	-20.172	-14.241	-14.281	-16.921	-7.141
1.19	116.331	124.996	44.887	88.211	88.559	115.33	115.344	-20.111	-14.198	-14.238	-16.899	-7.119
1.2	117.213	124.808	44.887	88.078	88.426	116.212	116.229	-20.05	-14.156	-14.196	-16.878	-7.098
1.21	118.094	124.62	44.887	87.946	88.293	117.093	117.113	-19.99	-14.113	-14.153	-16.857	-7.077
1.22	118.974	124.432	44.887	87.813	88.16	117.973	117.995	-19.93	-14.071	-14.11	-16.835	-7.055
1.23	119.852	124.245	44.887	87.681	88.028	118.851	118.876	-19.87	-14.028	-14.068	-16.814	-7.034
1.24	120.729	124.058	44.887	87.549	87.895	119.728	119.756	-19.81	-13.986	-14.026	-16.793	-7.013
1.25	121.605	123.871	44.887	87.417	87.763	120.604	120.634	-19.751	-13.944	-13.983	-16.772	-6.992
1.26	122.48	123.685	44.887	87.285	87.631	121.479	121.511	-19.691	-13.902	-13.941	-16.751	-6.971
1.27	123.353	123.499	44.887	87.154	87.499	122.352	122.387	-19.632	-13.86	-13.9	-16.73	-6.95
1.28	124.225	123.313	44.887	87.023	87.368	123.224	123.261	-19.573	-13.819	-13.858	-16.709	-6.929
1.29	125.096	123.128	44.887	86.892	87.237	124.095	124.134	-19.514	-13.777	-13.816	-16.689	-6.908
1.3	125.965	122.943	44.887	86.762	87.106	124.964	125.006	-19.456	-13.736	-13.775	-16.668	-6.887
1.31	126.833	122.758	44.887	86.631	86.975	125.832	125.876	-19.397	-13.694	-13.733	-16.647	-6.867
1.32	127.7	122.574	44.887	86.501	86.844	126.699	126.745	-19.339	-13.653	-13.692	-16.627	-6.846
1.33	128.565	122.39	44.886	86.371	86.714	127.564	127.613	-19.281	-13.612	-13.651	-16.606	-6.825
1.34	129.429	122.293	44.846	86.241	86.706	128.428	128.481	-19.223	-13.572	-13.629	-16.586	-6.815
1.35	130.291	122.11	44.805	86.051	86.638	129.29	129.348	-19.193	-13.531	-13.608	-16.565	-6.804
1.36	131.152	122.014	44.765	85.922	86.63	130.151	130.215	-19.135	-13.49	-13.586	-16.545	-6.793
1.37	132.011	121.832	44.724	85.733	86.562	131.01	131.081	-19.105	-13.45	-13.565	-16.525	-6.782
1.38	132.869	121.737	44.684	85.605	86.555	131.868	131.947	-19.048	-13.41	-13.543	-16.505	-6.772
1.39	133.725	121.557	44.643	85.416	86.487	132.724	132.813	-19.019	-13.37	-13.522	-16.485	-6.761
1.4	134.58	121.377	44.643	85.29	86.36	133.579	133.677	-18.962	-13.331	-13.482	-16.465	-6.741
1.41	135.433	121.197	44.643	85.164	86.232	134.432	134.54	-18.906	-13.291	-13.442	-16.446	-6.721
1.42	136.285	121.018	44.643	85.037	86.104	135.284	135.402	-18.85	-13.252	-13.403	-16.426	-6.701
1.43	137.136	120.839	44.643	84.912	85.977	136.135	136.262	-18.795	-13.213	-13.363	-16.406	-6.681
1.44	137.985	120.66	44.643	84.786	85.85	136.984	137.121	-18.739	-13.174	-13.323	-16.387	-6.662
1.45	138.833	120.481	44.643	84.66	85.723	137.832	137.979	-18.684	-13.135	-13.284	-16.367	-6.642
1.46	139.68	120.303	44.643	84.535	85.596	138.679	138.836	-18.628	-13.096	-13.245	-16.348	-6.622
1.47	140.526	120.125	44.643	84.41	85.469	139.525	139.691	-18.573	-13.057	-13.206	-16.328	-6.603
1.48	141.37	119.947	44.643	84.285	85.343	140.369	140.545	-18.518	-13.018	-13.166	-16.309	-6.583
1.49	142.213	119.77	44.643	84.16	85.217	141.212	141.398	-18.463	-12.98	-13.127	-16.29	-6.564
1.5	143.055	119.593	44.642	84.036	85.091	142.054	142.25	-18.409	-12.941	-13.089	-16.271	-6.544
1.51	143.896	119.501	44.602	83.911	85.085	142.895	143.102	-18.355	-12.903	-13.068	-16.252	-6.534
1.52	144.735	119.326	44.561	83.727	85.019	143.734	143.953	-18.326	-12.865	-13.048	-16.233	-6.524
1.53	145.573	119.236	44.521	83.605	85.014	144.572	144.804	-18.273	-12.827	-13.028	-16.214	-6.514
1.54	146.409	119.062	44.48	83.422	84.95	145.408	145.654	-18.245	-12.79	-13.009	-16.195	-6.504
1.55	147.244	118.889	44.48	83.301	84.826	146.243	146.503	-18.192	-12.753	-12.971	-16.176	-6.485
1.56	148.077	118.716	44.48	83.18	84.703	147.076	147.351	-18.139	-12.716	-12.933	-16.158	-6.467
1.57	148.909	118.543	44.48	83.059	84.58	147.908	148.197	-18.086	-12.679	-12.896	-16.139	-6.448
1.58	149.74	118.371	44.48	82.937	84.457	148.739	149.042	-18.034	-12.642	-12.858	-16.121	-6.429
1.59	150.57	118.199	44.48	82.817	84.334	149.569	149.886	-17.981	-12.605	-12.821	-16.102	-6.41
1.6	151.399	118.027	44.48	82.697	84.212	150.398	150.729	-17.929	-12.568	-12.783	-16.084	-6.392
1.61	152.226	117.855	44.48	82.576	84.09	151.225	151.571	-17.877	-12.532	-12.746	-16.066	-6.373
1.62	153.052	117.684	44.48	82.456	83.967	152.051	152.411	-17.825	-12.495	-12.709	-16.048	-6.355
1.63	153.877	117.513	44.48	82.336	83.845	152.876	153.25	-17.773	-12.459	-12.672	-16.03	-6.336
1.64	154.701	117.342	44.48	82.216	83.724	153.7	154.088	-17.722	-12.423	-12.636	-16.011	-6.318
1.65	155.524	117.171	44.48	82.097	83.602	154.523	154.925	-17.67	-12.387	-12.599	-15.993	-6.299
1.66	156.345	117.001	44.48	81.977	83.48	155.344	155.76	-17.619	-12.351	-12.562	-15.975	-6.281
1.67	157.165	116.831	44.479	81.858	83.359	156.164	156.594	-17.568	-12.315	-12.526	-15.957	-6.263
1.68	157.984	116.745	44.439	81.739	83.355	156.983	157.428	-17.517	-12.279	-12.507	-15.94	-6.253
1.69	158.801	116.577	44.398	81.562	83.293	157.8	158.262	-17.491	-12.244	-12.488	-15.922	-6.244
1.7	159.617	116.409	44.398	81.445	83.174	158.616	159.094	-17.44	-12.208	-12.452	-15.904	-6.226
1.71	160.432	116.242	44.398	81.327	83.054	159.431	159.925	-17.39	-12.173	-12.417	-15.887	-6.208
1.72	161.246	116.075	44.398	81.211	82.935	160.245	160.755	-17.34	-12.138	-12.381	-15.869	-6.191
1.73	162.059	115.908	44.398	81.094	82.816	161.058	161.584	-17.291	-12.103	-12.345	-15.852	-6.173
1.74	162.87	115.741	44.398	80.977	82.697	161.869	162.412	-17.241	-12.069	-12.31	-15.834	-6.155
1.75	163.68	115.575	44.398	80.861	82.578	162.679	163.238	-17.191	-12.034	-12.275	-15.817	-6.137
1.76	164.489	115.409	44.398	80.745	82.459	163.488	164.063	-17.142	-11.999	-12.239	-15.8	-6.12
1.77	165.297	115.243	44.398	80.628	82.341	164.296	164.887	-17.093	-11.965	-12.204	-15.782	-6.102
1.78	166.104	115.077	44.398	80.512	82.223	165.103	165.71	-17.044	-11.931	-12.169	-15.765	-6.085
1.79	166.91	114.912	44.398	80.396	82.104	165.909	166.532	-16.995	-11.896	-12.134	-15.748	-6.067
1.8	167.714	114.747	44.398	80.281	81.987	166.713	167.352	-16.946	-11.862	-12.099	-15.731	-6.05
1.81	168.517	114.582	44.398	80.166	81.869	167.516	168.171	-16.897	-11.828	-12.065	-15.714	-6.032
1.82	169.319	114.417	44.398	80.05	81.751	168.318	168.989	-16.849	-11.794	-12.03	-15.697	-6.015
1.83	170.12	114.253	44.398	79.935	81.634	169.119	169.806	-16.8	-11.76	-11.995	-15.68	-5.998
1.84	170.92	114.089	44.398	79.82	81.517	169.919	170.622	-16.752	-11.726	-11.961	-15.663	-5.98
1.85	171.719	113.925	44.398	79.706	81.4	170.718	171.437	-16.704	-11.693	-11.927	-15.646	-5.963
1.86	172.516	113.762	44.397	79.591	81.283	171.515	172.25	-16.656	-11.659	-11.892	-15.63	-5.946
1.87	173.312	113.68	44.357	79.477	81.28	172.311	173.063	-16.608	-11.626	-11.875	-15.613	-5.937
1.88	174.107	113.519	44.316	79.306	81.222	173.106	173.876	-16.584	-11.593	-11.858	-15.596	-5.929
1.89	174.9	113.358	44.316	79.194	81.107	173.899	174.688	-16.537	-11.56	-11.824	-15.58	-5.912
1.9	175.692	113.197	44.316	79.082	80.992	174.691	175.499	-16.491	-11.527	-11.791	-15.563	-5.895
1.91	176.483	113.036	44.316	78.969	80.877	175.482	176.308	-16.444	-11.494	-11.757	-15.547	-5.879
1.92	177.273	112.876	44.316	78.857	80.762	176.272	177.116	-16.397	-11.462	-11.724	-15.531	-5.862
1.93	178.062	112.716	44.316	78.745	80.648	177.061	177.923	-16.351	-11.429	-11.691	-15.515	-5.845
1.94	178.85	112.556	44.316	78.634	80.534	177.849	178.729	-16.304	-11.397	-11.658	-15.498	-5.829
1.95	179.637	112.396	44.316	78.522	80.419	178.636	179.534	-16.258	-11.364	-11.625	-15.482	-5.812
1.96	180.423	112.237	44.316	78.41	80.305	179.422	180.338	-16.212	-11.332	-11.592	-15.466	-5.796
1.97	181.208	112.078	44.316	78.299	80.192	180.207	181.14	-16.166	-11.3	-11.559	-15.45	-5.779
1.98	181.991	111.919	44.316	78.188	80.078	180.99	181.941	-16.12	-11.268	-11.526	-15.434	-5.763
1.99	182.773	111.76	44.316	78.077	79.965	181.772	182.741	-16.075	-11.236	-11.493	-15.418	-5.747
2.0	183.554	111.602	44.316	77.966	79.851	182.553	183.54	-16.029	-11.204	-11.461	-15.402	-5.73
2.01	184.334	111.444	44.316	77.856	79.738	183.333	184.338	-15.984	-11.173	-11.428	-15.386	-5.714
2.02	185.113	111.286	44.316	77.746	79.625	184.112	185.135	-15.938	-11.141	-11.396	-15.37	-5.698
2.03	185.891	111.128	44.316	77.635	79.513	184.89	185.931	-15.893	-11.109	-11.364	-15.355	-5.682
2.04	186.668	110.971	44.316	77.525	79.4	185.667	186.726	-15.848	-11.078	-11.331	-15.339	-5.666
2.05	187.444	110.814	44.315	77.415	79.288	186.443	187.519	-15.803	-11.047	-11.299	-15.323	-5.65
2.06	188.219	110.736	44.275	77.306	79.286	187.218	188.312	-15.759	-11.015	-11.283	-15.308	-5.642
2.07	188.992	110.581	44.234	77.141	79.231	187.991	189.105	-15.737	-10.984	-11.267	-15.292	-5.634
2.08	189.764	110.426	44.234	77.033	79.12	188.763	189.897	-15.693	-10.953	-11.236	-15.277	-5.618
2.09	190.535	110.272	44.234	76.925	79.009	189.534	190.688	-15.649	-10.923	-11.204	-15.261	-5.602
2.1	191.305	110.118	44.234	76.817	78.899	190.304	191.478	-15.605	-10.892	-11.173	-15.246	-5.587
2.11	192.074	109.964	44.234	76.71	78.789	191.073	192.266	-15.561	-10.862	-11.142	-15.231	-5.571
2.12	192.842	109.81	44.234	76.603	78.679	191.841	193.053	-15.518	-10.832	-11.111	-15.216	-5.555
2.13	193.608	109.657	44.234	76.495	78.569	192.607	193.839	-15.474	-10.801	-11.08	-15.201	-5.54
2.14	194.373	109.504	44.234	76.389	78.459	193.372	194.624	-15.431	-10.771	-11.049	-15.186	-5.524
2.15	195.137	109.351	44.234	76.282	78.35	194.136	195.408	-15.388	-10.741	-11.018	-15.171	-5.509
2.16	195.9	109.198	44.234	76.175	78.24	194.899	196.191	-15.345	-10.711	-10.987	-15.156	-5.494
2.17	196.662	109.045	44.234	76.069	78.131	195.661	196.973	-15.302	-10.681	-10.957	-15.141	-5.478
2.18	197.423	108.893	44.234	75.962	78.022	196.422	197.754	-15.26	-10.651	-10.926	-15.126	-5.463
2.19	198.183	108.741	44.234	75.856	77.913	197.182	198.534	-15.217	-10.622	-10.895	-15.111	-5.448
2.2	198.942	108.589	44.234	75.75	77.804	197.941	199.313	-15.175	-10.592	-10.865	-15.096	-5.433
2.21	199.7	108.437	44.234	75.644	77.696	198.699	200.09	-15.132	-10.562	-10.835	-15.081	-5.417
2.22	200.457	108.286	44.234	75.538	77.587	199.456	200.866	-15.09	-10.533	-10.804	-15.066	-5.402
2.23	201.213	108.135	44.233	75.433	77.479	200.212	201.641	-15.048	-10.503	-10.774	-15.052	-5.387
2.24	201.968	108.061	44.193	75.328	77.479	200.967	202.416	-15.006	-10.474	-10.759	-15.037	-5.38
2.25	202.721	107.912	44.152	75.168	77.426	201.72	203.191	-14.985	-10.445	-10.745	-15.022	-5.372
2.26	203.473	107.763	44.152	75.065	77.319	202.472	203.965	-14.944	-10.416	-10.715	-15.008	-5.357
2.27	204.224	107.615	44.152	74.961	77.213	203.223	204.738	-14.903	-10.387	-10.685	-14.994	-5.343
2.28	204.974	107.467	44.152	74.858	77.107	203.973	205.51	-14.862	-10.359	-10.656	-14.979	-5.328
2.29	205.723	107.319	44.152	74.755	77.001	204.722	206.281	-14.821	-10.33	-10.627	-14.965	-5.313
2.3	206.471	107.171	44.152	74.652	76.895	205.47	207.05	-14.78	-10.302	-10.598	-14.951	-5.299
2.31	207.218	107.024	44.152	74.549	76.789	206.217	207.818	-14.74	-10.274	-10.568	-14.937	-5.284
2.32	207.964	106.877	44.152	74.447	76.684	206.963	208.585	-14.699	-10.245	-10.539	-14.923	-5.27
2.33	208.709	106.73	44.152	74.344	76.578	207.708	209.351	-14.659	-10.217	-10.51	-14.909	-5.255
2.34	209.453	106.583	44.152	74.242	76.473	208.452	210.116	-14.619	-10.189	-10.482	-14.895	-5.241
2.35	210.196	106.436	44.152	74.14	76.368	209.195	210.88	-14.578	-10.161	-10.453	-14.881	-5.226
2.36	210.938	106.29	44.152	74.037	76.262	209.937	211.643	-14.538	-10.133	-10.424	-14.867	-5.212
2.37	211.679	106.144	44.152	73.936	76.158	210.678	212.405	-14.498	-10.105	-10.395	-14.853	-5.198
2.38	212.419	105.998	44.152	73.834	76.053	211.418	213.166	-14.459	-10.078	-10.367	-14.839	-5.183
2.39	213.158	105.852	44.152	73.732	75.949	212.157	213.926	-14.419	-10.05	-10.338	-14.825	-5.169
2.4	213.896	105.706	44.152	73.631	75.844	212.895	214.685	-14.379	-10.022	-10.31	-14.811	-5.155
2.41	214.633	105.561	44.152	73.529	75.74	213.632	215.443	-14.339	-9.995	-10.281	-14.797	-5.141
2.42	215.369	105.416	44.151	73.428	75.636	214.368	216.2	-14.3	-9.967	-10.253	-14.784	-5.127
2.43	216.104	105.347	44.111	73.327	75.637	215.103	216.957	-14.261	-9.94	-10.239	-14.77	-5.12
2.44	216.837	105.204	44.07	73.174	75.588	215.836	217.713	-14.242	-9.913	-10.226	-14.756	-5.113
2.45	217.569	105.062	44.07	73.075	75.485	216.568	218.468	-14.204	-9.886	-10.198	-14.743	-5.099
2.46	218.3	104.92	44.07	72.976	75.384	217.299	219.222	-14.165	-9.859	-10.171	-14.73	-5.085
2.47	219.03	104.778	44.07	72.877	75.282	218.029	219.975	-14.127	-9.832	-10.143	-14.716	-5.072
2.48	219.759	104.636	44.07	72.778	75.18	218.758	220.727	-14.089	-9.806	-10.116	-14.703	-5.058
2.49	220.487	104.494	44.07	72.68	75.078	219.486	221.478	-14.051	-9.779	-10.088	-14.69	-5.044
2.5	221.214	104.353	44.07	72.581	74.976	220.213	222.228	-14.012	-9.753	-10.061	-14.676	-5.03
2.51	221.94	104.212	44.07	72.483	74.875	220.939	222.977	-13.975	-9.726	-10.034	-14.663	-5.017
2.52	222.665	104.071	44.07	72.385	74.774	221.664	223.725	-13.937	-9.7	-10.007	-14.65	-5.003
2.53	223.389	103.93	44.07	72.287	74.673	222.388	224.472	-13.899	-9.674	-9.98	-14.637	-4.99
2.54	224.112	103.789	44.07	72.189	74.572	223.111	225.218	-13.862	-9.648	-9.953	-14.624	-4.976
2.55	224.834	103.649	44.07	72.091	74.471	223.833	225.963	-13.824	-9.622	-9.926	-14.611	-4.963
2.56	225.555	103.509	44.07	71.994	74.37	224.554	226.707	-13.787	-9.596	-9.899	-14.598	-4.949
2.57	226.275	103.369	44.07	71.896	74.27	225.274	227.45	-13.75	-9.57	-9.872	-14.585	-4.936
2.58	226.994	103.229	44.07	71.799	74.17	225.993	228.192	-13.712	-9.544	-9.845	-14.572	-4.923
2.59	227.712	103.089	44.07	71.702	74.069	226.711	228.933	-13.675	-9.518	-9.819	-14.559	-4.909
2.6	228.429	102.95	44.069	71.604	73.969	227.428	229.673	-13.638	-9.492	-9.792	-14.546	-4.896
2.61	229.146	102.885	44.03	71.508	73.972	228.145	230.413	-13.601	-9.467	-9.779	-14.533	-4.89
2.62	229.861	102.748	43.988	71.36	73.925	228.86	231.153	-13.584	-9.441	-9.767	-14.521	-4.884
2.63	230.575	102.611	43.988	71.265	73.827	229.574	231.892	-13.548	-9.416	-9.741	-14.508	-4.871
2.64	231.288	102.475	43.988	71.17	73.729	230.287	232.63	-13.512	-9.391	-9.715	-14.495	-4.858
2.65	232.0	102.339	43.988	71.075	73.631	230.999	233.367	-13.476	-9.366	-9.689	-14.483	-4.845
2.66	232.711	102.203	43.988	70.981	73.533	231.71	234.103	-13.44	-9.341	-9.664	-14.471	-4.832
2.67	233.421	102.067	43.988	70.887	73.436	232.42	234.838	-13.405	-9.316	-9.638	-14.458	-4.819
2.68	234.13	101.931	43.988	70.792	73.338	233.129	235.572	-13.369	-9.292	-9.612	-14.446	-4.806
2.69	234.838	101.796	43.988	70.698	73.24	233.837	236.305	-13.334	-9.267	-9.587	-14.433	-4.793
2.7	235.545	101.661	43.988	70.604	73.144	234.544	237.037	-13.298	-9.242	-9.561	-14.421	-4.781
2.71	236.252	101.526	43.988	70.51	73.047	235.251	237.768	-13.263	-9.218	-9.536	-14.409	-4.768
2.72	236.958	101.391	43.988	70.417	72.95	235.957	238.498	-13.228	-9.193	-9.511	-14.397	-4.755
2.73	237.663	101.256	43.988	70.323	72.853	236.662	239.227	-13.193	-9.169	-9.485	-14.384	-4.743
2.74	238.367	101.121	43.988	70.229	72.756	237.366	239.955	-13.158	-9.144	-9.46	-14.372	-4.73
2.75	239.07	100.987	43.988	70.135	72.659	238.069	240.682	-13.122	-9.12	-9.435	-14.36	-4.718
2.76	239.772	100.853	43.988	70.042	72.563	238.771	241.408	-13.088	-9.096	-9.41	-14.348	-4.705
2.77	240.473	100.719	43.988	69.949	72.466	239.472	242.133	-13.053	-9.072	-9.385	-14.336	-4.693
2.78	241.173	100.585	43.987	69.856	72.37	240.172	242.857	-13.018	-9.048	-9.36	-14.324	-4.68
2.79	241.871	100.382	43.946	69.663	72.274	240.87	243.58	-12.984	-9.011	-9.335	-14.305	-4.668
2.8	242.568	100.251	43.906	69.522	72.228	241.567	244.303	-12.931	-8.974	-9.311	-14.287	-4.655
2.81	243.263	100.051	43.865	69.331	72.134	242.262	245.025	-12.898	-8.938	-9.286	-14.269	-4.643
2.82	243.956	99.923	43.825	69.193	72.09	242.955	245.746	-12.846	-8.902	-9.262	-14.251	-4.631
2.83	244.647	99.726	43.784	69.004	71.998	243.646	246.466	-12.813	-8.867	-9.238	-14.233	-4.619
2.84	245.337	99.602	43.744	68.868	71.956	244.336	247.186	-12.763	-8.832	-9.215	-14.216	-4.607
2.85	246.025	99.409	43.702	68.683	71.867	245.024	247.905	-12.731	-8.797	-9.192	-14.199	-4.596
2.86	246.712	99.288	43.663	68.55	71.827	245.711	248.624	-12.682	-8.763	-9.169	-14.182	-4.585
2.87	247.397	99.099	43.621	68.367	71.739	246.396	249.342	-12.651	-8.729	-9.147	-14.165	-4.573
2.88	248.081	98.982	43.582	68.237	71.702	247.08	250.059	-12.603	-8.696	-9.125	-14.148	-4.562
2.89	248.763	98.797	43.54	68.057	71.617	247.762	250.776	-12.573	-8.663	-9.103	-14.131	-4.551
2.9	249.444	98.684	43.5	67.93	71.582	248.443	251.492	-12.526	-8.631	-9.082	-14.115	-4.541
2.91	250.123	98.503	43.459	67.754	71.501	249.122	252.207	-12.498	-8.598	-9.061	-14.099	-4.53
2.92	250.801	98.394	43.419	67.629	71.468	249.8	252.922	-12.452	-8.567	-9.04	-14.083	-4.52
2.93	251.477	98.218	43.377	67.456	71.389	250.476	253.636	-12.424	-8.535	-9.02	-14.068	-4.51
2.94	252.152	98.113	43.338	67.335	71.359	251.151	254.35	-12.38	-8.505	-9.0	-14.052	-4.5
2.95	252.825	97.941	43.296	67.165	71.283	251.824	255.063	-12.353	-8.474	-8.981	-14.037	-4.49
2.96	253.497	97.841	43.257	67.047	71.256	252.496	255.776	-12.31	-8.445	-8.962	-14.022	-4.481
2.97	254.167	97.674	43.215	66.881	71.184	253.166	256.488	-12.285	-8.415	-8.943	-14.008	-4.472
2.98	254.836	97.578	43.176	66.767	71.16	253.835	257.2	-12.243	-8.387	-8.925	-13.993	-4.463
2.99	255.503	97.416	43.134	66.604	71.09	254.502	257.911	-12.219	-8.358	-8.908	-13.979	-4.454
3.0	256.169	97.325	43.095	66.493	71.069	255.168	258.622	-12.178	-8.33	-8.89	-13.965	-4.445
3.01	256.834	97.168	43.053	66.333	71.003	255.833	259.332	-12.156	-8.302	-8.874	-13.951	-4.437
3.02	257.498	97.082	43.014	66.226	70.986	256.497	260.042	-12.117	-8.276	-8.857	-13.938	-4.429
3.03	258.16	96.93	42.972	66.071	70.923	257.159	260.752	-12.095	-8.249	-8.842	-13.924	-4.421
3.04	258.821	96.849	42.932	65.967	70.909	257.82	261.462	-12.057	-8.223	-8.826	-13.912	-4.413
3.05	259.481	96.702	42.89	65.815	70.849	258.48	262.171	-12.037	-8.197	-8.811	-13.899	-4.406
3.06	260.14	96.626	42.851	65.715	70.839	259.139	262.88	-12.001	-8.172	-8.796	-13.886	-4.398
3.07	260.797	96.484	42.809	65.567	70.783	259.796	263.588	-11.982	-8.148	-8.783	-13.874	-4.391
3.08	261.453	96.413	42.77	65.471	70.775	260.452	264.296	-11.947	-8.124	-8.769	-13.862	-4.384
3.09	262.108	96.277	42.728	65.326	70.723	261.107	265.004	-11.929	-8.1	-8.756	-13.85	-4.378
3.1	262.762	96.212	42.689	65.234	70.72	261.761	265.712	-11.895	-8.077	-8.743	-13.838	-4.372
3.11	263.414	96.082	42.647	65.093	70.672	262.413	266.419	-11.879	-8.054	-8.731	-13.827	-4.366
3.12	264.064	95.958	42.566	64.909	70.673	263.063	267.126	-11.847	-8.021	-8.72	-13.81	-4.36
3.13	264.713	95.769	42.524	64.73	70.582	263.712	267.832	-11.817	-7.988	-8.697	-13.794	-4.349
3.14	265.36	95.651	42.485	64.602	70.538	264.359	268.538	-11.77	-7.957	-8.675	-13.778	-4.337
3.15	266.006	95.468	42.442	64.427	70.452	265.005	269.243	-11.741	-7.925	-8.653	-13.763	-4.327
3.16	266.65	95.356	42.404	64.303	70.412	265.649	269.948	-11.696	-7.895	-8.632	-13.747	-4.316
3.17	267.293	95.18	42.361	64.133	70.33	266.292	270.652	-11.669	-7.865	-8.612	-13.732	-4.306
3.18	267.935	95.075	42.323	64.014	70.295	266.934	271.355	-11.626	-7.836	-8.591	-13.718	-4.296
3.19	268.575	94.906	42.28	63.848	70.218	267.574	272.058	-11.6	-7.807	-8.573	-13.703	-4.286
3.2	269.214	94.807	42.241	63.735	70.188	268.213	272.76	-11.559	-7.779	-8.554	-13.69	-4.277
3.21	269.851	94.645	42.199	63.574	70.115	268.85	273.462	-11.535	-7.751	-8.536	-13.676	-4.268
3.22	270.487	94.553	42.16	63.465	70.089	269.486	274.163	-11.495	-7.725	-8.518	-13.662	-4.259
3.23	271.121	94.398	42.118	63.309	70.021	270.12	274.864	-11.473	-7.698	-8.502	-13.649	-4.251
3.24	271.754	94.313	42.079	63.205	70.001	270.753	275.564	-11.436	-7.673	-8.485	-13.637	-4.243
3.25	272.386	94.165	42.037	63.053	69.938	271.385	276.264	-11.415	-7.648	-8.47	-13.624	-4.235
3.26	273.017	94.087	41.998	62.954	69.922	272.016	276.964	-11.379	-7.624	-8.455	-13.612	-4.227
3.27	273.646	93.946	41.956	62.808	69.864	272.645	277.663	-11.36	-7.6	-8.441	-13.6	-4.22
3.28	274.274	93.875	41.917	62.714	69.854	273.273	278.362	-11.326	-7.577	-8.427	-13.589	-4.213
3.29	274.901	93.742	41.874	62.573	69.801	273.9	279.06	-11.309	-7.555	-8.414	-13.577	-4.207
3.3	275.526	93.616	41.793	62.39	69.796	274.525	279.758	-11.277	-7.522	-8.402	-13.561	-4.201
3.31	276.149	93.498	41.712	62.213	69.796	275.148	280.456	-11.247	-7.49	-8.39	-13.545	-4.195
3.32	276.771	93.318	41.67	62.041	69.708	275.77	281.153	-11.219	-7.46	-8.369	-13.53	-4.185
3.33	277.392	93.208	41.631	61.921	69.667	276.391	281.85	-11.175	-7.432	-8.348	-13.516	-4.174
3.34	278.011	93.036	41.588	61.755	69.585	277.01	282.546	-11.149	-7.403	-8.328	-13.501	-4.164
3.35	278.629	92.934	41.55	61.641	69.549	277.628	283.242	-11.108	-7.376	-8.309	-13.488	-4.154
3.36	279.245	92.771	41.507	61.48	69.473	278.244	283.937	-11.084	-7.348	-8.291	-13.474	-4.145
3.37	279.86	92.677	41.469	61.373	69.444	278.859	284.632	-11.045	-7.323	-8.273	-13.461	-4.136
3.38	280.474	92.522	41.426	61.218	69.374	279.473	285.326	-11.022	-7.297	-8.256	-13.448	-4.128
3.39	281.086	92.437	41.388	61.115	69.35	280.085	286.02	-10.986	-7.272	-8.239	-13.436	-4.12
3.4	281.697	92.291	41.345	60.967	69.287	280.696	286.713	-10.965	-7.248	-8.224	-13.424	-4.112
3.41	282.307	92.214	41.307	60.87	69.269	281.306	287.406	-10.931	-7.225	-8.209	-13.413	-4.105
3.42	282.916	92.076	41.264	60.727	69.212	281.915	288.099	-10.913	-7.202	-8.195	-13.401	-4.098
3.43	283.524	92.008	41.226	60.636	69.2	282.523	288.791	-10.88	-7.181	-8.182	-13.39	-4.091
3.44	284.13	91.879	41.183	60.499	69.149	283.129	289.483	-10.864	-7.159	-8.17	-13.38	-4.085
3.45	284.735	91.759	41.102	60.323	69.144	283.734	290.175	-10.833	-7.128	-8.158	-13.364	-4.079
3.46	285.338	91.648	41.021	60.152	69.146	284.337	290.867	-10.805	-7.099	-8.147	-13.349	-4.074
3.47	285.939	91.477	40.978	59.988	69.062	284.938	291.558	-10.779	-7.071	-8.127	-13.336	-4.064
3.48	286.539	91.376	40.94	59.876	69.025	285.538	292.249	-10.739	-7.045	-8.108	-13.322	-4.054
3.49	287.138	91.215	40.897	59.718	68.948	286.137	292.939	-10.715	-7.018	-8.09	-13.309	-4.045
3.5	287.735	91.123	40.859	59.613	68.918	286.734	293.629	-10.677	-6.994	-8.072	-13.297	-4.036
3.51	288.331	90.972	40.816	59.462	68.849	287.33	294.318	-10.656	-6.969	-8.056	-13.284	-4.028
3.52	288.926	90.89	40.778	59.363	68.826	287.925	295.007	-10.621	-6.946	-8.04	-13.273	-4.02
3.53	289.52	90.748	40.735	59.219	68.764	288.519	295.695	-10.601	-6.923	-8.025	-13.261	-4.013
3.54	290.113	90.675	40.697	59.126	68.747	289.112	296.383	-10.568	-6.901	-8.011	-13.251	-4.005
3.55	290.704	90.543	40.654	58.988	68.692	289.703	297.07	-10.551	-6.879	-7.998	-13.24	-3.999
3.56	291.293	90.421	40.573	58.811	68.682	290.292	297.757	-10.521	-6.849	-7.985	-13.224	-3.993
3.57	291.881	90.309	40.492	58.642	68.68	290.88	298.444	-10.492	-6.82	-7.974	-13.21	-3.987
3.58	292.467	90.139	40.448	58.479	68.595	291.466	299.13	-10.466	-6.793	-7.954	-13.196	-3.977
3.59	293.052	90.038	40.411	58.368	68.556	292.051	299.816	-10.427	-6.767	-7.935	-13.184	-3.967
3.6	293.635	89.879	40.367	58.213	68.479	292.634	300.501	-10.404	-6.742	-7.917	-13.171	-3.959
3.61	294.217	89.788	40.33	58.11	68.448	293.216	301.186	-10.367	-6.718	-7.9	-13.159	-3.95
3.62	294.798	89.639	40.286	57.961	68.379	293.797	301.87	-10.346	-6.694	-7.884	-13.147	-3.942
3.63	295.378	89.559	40.249	57.865	68.355	294.377	302.554	-10.312	-6.672	-7.868	-13.136	-3.934
3.64	295.957	89.421	40.205	57.724	68.294	294.956	303.237	-10.293	-6.649	-7.854	-13.125	-3.927
3.65	296.535	89.352	40.168	57.635	68.278	295.534	303.92	-10.262	-6.629	-7.84	-13.114	-3.92
3.66	297.111	89.225	40.124	57.501	68.226	296.11	304.603	-10.246	-6.608	-7.828	-13.104	-3.914
3.67	297.686	89.109	40.043	57.33	68.218	296.685	305.286	-10.217	-6.579	-7.816	-13.09	-3.908
3.68	298.259	89.004	39.963	57.166	68.218	297.258	305.969	-10.19	-6.552	-7.806	-13.076	-3.903
3.69	298.83	88.842	39.919	57.01	68.138	297.829	306.651	-10.166	-6.527	-7.787	-13.063	-3.894
3.7	299.4	88.749	39.882	56.906	68.103	298.399	307.332	-10.129	-6.503	-7.769	-13.051	-3.884
3.71	299.969	88.599	39.838	56.758	68.032	298.968	308.013	-10.108	-6.479	-7.753	-13.04	-3.876
3.72	300.537	88.517	39.801	56.662	68.005	299.536	308.693	-10.074	-6.457	-7.737	-13.029	-3.868
3.73	301.104	88.379	39.757	56.521	67.942	300.103	309.373	-10.055	-6.435	-7.722	-13.018	-3.861
3.74	301.67	88.309	39.72	56.432	67.925	300.669	310.053	-10.024	-6.415	-7.708	-13.008	-3.854
3.75	302.234	88.182	39.676	56.299	67.871	301.233	310.732	-10.008	-6.395	-7.696	-12.998	-3.848
3.76	302.797	88.067	39.595	56.13	67.862	301.796	311.411	-9.979	-6.367	-7.684	-12.983	-3.842
3.77	303.358	87.964	39.514	55.969	67.861	302.357	312.09	-9.953	-6.34	-7.674	-12.97	-3.837
3.78	303.917	87.805	39.47	55.816	67.782	302.916	312.768	-9.93	-6.315	-7.656	-12.958	-3.828
3.79	304.475	87.714	39.433	55.715	67.747	303.474	313.446	-9.894	-6.293	-7.638	-12.946	-3.819
3.8	305.032	87.568	39.389	55.569	67.677	304.031	314.123	-9.873	-6.27	-7.622	-12.935	-3.811
3.81	305.588	87.49	39.353	55.476	67.652	304.587	314.8	-9.841	-6.249	-7.607	-12.924	-3.803
3.82	306.143	87.356	39.308	55.34	67.592	305.142	315.476	-9.823	-6.228	-7.593	-12.914	-3.797
3.83	306.696	87.235	39.227	55.167	67.576	305.695	316.152	-9.793	-6.199	-7.58	-12.9	-3.79
3.84	307.247	87.126	39.147	55.004	67.569	306.246	316.828	-9.766	-6.172	-7.569	-12.886	-3.784
3.85	307.797	87.03	39.066	54.848	67.572	306.796	317.504	-9.742	-6.147	-7.559	-12.873	-3.78
3.86	308.345	86.879	39.021	54.7	67.498	307.344	318.179	-9.72	-6.124	-7.543	-12.862	-3.771
3.87	308.892	86.796	38.985	54.605	67.467	307.891	318.854	-9.686	-6.102	-7.526	-12.851	-3.763
3.88	309.438	86.659	38.941	54.466	67.403	308.437	319.528	-9.668	-6.081	-7.512	-12.841	-3.756
3.89	309.983	86.589	38.905	54.38	67.383	308.982	320.202	-9.637	-6.062	-7.498	-12.831	-3.749
3.9	310.527	86.465	38.86	54.25	67.329	309.526	320.876	-9.622	-6.043	-7.486	-12.821	-3.743
3.91	311.069	86.354	38.779	54.085	67.319	310.068	321.55	-9.594	-6.016	-7.474	-12.808	-3.737
3.92	311.61	86.257	38.699	53.93	67.319	310.609	322.224	-9.57	-5.991	-7.464	-12.795	-3.732
3.93	312.149	86.106	38.654	53.783	67.243	311.148	322.897	-9.548	-5.968	-7.448	-12.784	-3.724
3.94	312.687	86.022	38.618	53.689	67.212	311.686	323.569	-9.515	-5.947	-7.431	-12.773	-3.716
3.95	313.224	85.885	38.573	53.55	67.146	312.223	324.241	-9.496	-5.926	-7.417	-12.763	-3.708
3.96	313.76	85.815	38.537	53.465	67.125	312.759	324.913	-9.466	-5.907	-7.402	-12.753	-3.701
3.97	314.295	85.692	38.492	53.335	67.07	313.294	325.584	-9.451	-5.888	-7.39	-12.744	-3.695
3.98	314.828	85.583	38.412	53.173	67.06	313.827	326.255	-9.424	-5.861	-7.379	-12.731	-3.689
3.99	315.359	85.488	38.331	53.02	67.06	314.358	326.926	-9.4	-5.837	-7.369	-12.719	-3.685
4.0	315.889	85.34	38.286	52.875	66.986	314.888	327.596	-9.379	-5.815	-7.353	-12.707	-3.676
4.01	316.418	85.259	38.25	52.784	66.955	315.417	328.266	-9.346	-5.795	-7.337	-12.697	-3.668
4.02	316.946	85.126	38.205	52.648	66.892	315.945	328.935	-9.329	-5.774	-7.323	-12.687	-3.661
4.03	317.472	85.007	38.125	52.481	66.872	316.471	329.604	-9.299	-5.747	-7.309	-12.674	-3.655
4.04	317.996	84.903	38.044	52.323	66.864	316.995	330.273	-9.273	-5.722	-7.298	-12.661	-3.649
4.05	318.519	84.813	37.964	52.174	66.867	317.518	330.942	-9.251	-5.698	-7.29	-12.649	-3.645
4.06	319.041	84.671	37.918	52.034	66.796	318.04	331.61	-9.231	-5.677	-7.274	-12.639	-3.637
4.07	319.562	84.596	37.883	51.946	66.769	318.561	332.278	-9.2	-5.658	-7.259	-12.629	-3.63
4.08	320.081	84.47	37.838	51.816	66.71	319.08	332.945	-9.184	-5.639	-7.246	-12.619	-3.623
4.09	320.599	84.359	37.757	51.654	66.695	319.598	333.612	-9.157	-5.613	-7.234	-12.607	-3.617
4.1	321.115	84.263	37.677	51.502	66.692	320.114	334.279	-9.133	-5.589	-7.224	-12.595	-3.612
4.11	321.63	84.116	37.631	51.359	66.616	320.629	334.946	-9.112	-5.567	-7.207	-12.584	-3.604
4.12	322.144	84.035	37.596	51.269	66.584	321.143	335.612	-9.08	-5.548	-7.191	-12.574	-3.596
4.13	322.657	83.903	37.551	51.136	66.52	321.656	336.278	-9.063	-5.528	-7.178	-12.564	-3.589
4.14	323.168	83.787	37.47	50.971	66.499	322.167	336.943	-9.034	-5.502	-7.164	-12.551	-3.582
4.15	323.677	83.687	37.39	50.817	66.491	322.676	337.608	-9.009	-5.478	-7.153	-12.539	-3.577
4.16	324.185	83.602	37.309	50.673	66.495	323.184	338.273	-8.988	-5.456	-7.145	-12.528	-3.573
4.17	324.692	83.467	37.263	50.538	66.428	323.691	338.938	-8.969	-5.435	-7.131	-12.518	-3.565
4.18	325.197	83.348	37.183	50.372	66.404	324.196	339.602	-8.941	-5.409	-7.117	-12.505	-3.558
4.19	325.7	83.245	37.103	50.217	66.393	324.699	340.266	-8.915	-5.385	-7.105	-12.492	-3.553
4.2	326.202	83.159	37.022	50.072	66.394	325.201	340.93	-8.893	-5.362	-7.097	-12.481	-3.548
4.21	326.703	83.023	36.976	49.937	66.325	325.702	341.594	-8.875	-5.343	-7.082	-12.471	-3.541
4.22	327.202	82.903	36.896	49.772	66.3	326.201	342.257	-8.846	-5.316	-7.068	-12.458	-3.534
4.23	327.699	82.8	36.816	49.617	66.287	326.698	342.92	-8.82	-5.292	-7.056	-12.446	-3.528
4.24	328.195	82.714	36.735	49.473	66.288	327.194	343.583	-8.798	-5.27	-7.047	-12.435	-3.524
4.25	328.69	82.579	36.689	49.339	66.219	327.689	344.246	-8.78	-5.25	-7.033	-12.425	-3.516
4.26	329.183	82.461	36.609	49.176	66.193	328.182	344.908	-8.751	-5.225	-7.019	-12.412	-3.509
4.27	329.674	82.36	36.529	49.023	66.181	328.673	345.57	-8.726	-5.201	-7.007	-12.4	-3.504
4.28	330.164	82.276	36.448	48.88	66.182	329.163	346.232	-8.705	-5.179	-6.999	-12.39	-3.499
4.29	330.653	82.144	36.402	48.748	66.115	329.652	346.893	-8.687	-5.16	-6.984	-12.38	-3.492
4.3	331.14	82.029	36.322	48.588	66.091	330.139	347.554	-8.659	-5.135	-6.971	-12.367	-3.485
4.31	331.626	81.932	36.242	48.438	66.081	330.625	348.215	-8.635	-5.112	-6.96	-12.356	-3.48
4.32	332.11	81.853	36.162	48.298	66.084	331.109	348.876	-8.615	-5.091	-6.952	-12.346	-3.476
4.33	332.593	81.726	36.115	48.17	66.021	331.592	349.537	-8.598	-5.073	-6.939	-12.336	-3.469
4.34	333.074	81.617	36.035	48.013	66.0	332.073	350.197	-8.571	-5.049	-6.926	-12.324	-3.463
4.35	333.554	81.526	35.955	47.868	65.994	332.553	350.857	-8.549	-5.027	-6.916	-12.313	-3.458
4.36	334.033	81.387	35.908	47.733	65.92	333.032	351.517	-8.53	-5.007	-6.9	-12.303	-3.45
4.37	334.51	81.267	35.828	47.57	65.889	333.509	352.176	-8.5	-4.981	-6.885	-12.291	-3.443
4.38	334.985	81.165	35.748	47.418	65.873	333.984	352.835	-8.475	-4.958	-6.874	-12.279	-3.437
4.39	335.459	81.082	35.668	47.278	65.872	334.458	353.494	-8.454	-4.937	-6.865	-12.269	-3.432
4.4	335.932	80.952	35.621	47.148	65.804	334.931	354.152	-8.437	-4.919	-6.851	-12.259	-3.425
4.41	336.403	80.841	35.541	46.992	65.78	335.402	354.81	-8.41	-4.895	-6.837	-12.247	-3.419
4.42	336.873	80.749	35.461	46.846	65.77	335.872	355.468	-8.387	-4.873	-6.827	-12.236	-3.413
4.43	337.341	80.676	35.381	46.712	65.776	336.34	356.126	-8.368	-4.853	-6.82	-12.227	-3.41
4.44	337.808	80.556	35.334	46.589	65.717	336.807	356.784	-8.353	-4.836	-6.807	-12.218	-3.404
4.45	338.274	80.455	35.254	46.439	65.7	337.273	357.441	-8.328	-4.813	-6.795	-12.207	-3.398
4.46	338.738	80.374	35.174	46.301	65.698	337.737	358.098	-8.307	-4.793	-6.787	-12.197	-3.393
4.47	339.201	80.247	35.127	46.174	65.632	338.2	358.755	-8.29	-4.775	-6.773	-12.188	-3.387
4.48	339.662	80.139	35.047	46.02	65.608	338.661	359.411	-8.264	-4.752	-6.76	-12.176	-3.38
4.49	340.122	80.051	34.967	45.878	65.6	339.121	360.067	-8.242	-4.731	-6.75	-12.165	-3.375
4.5	340.581	79.917	34.92	45.748	65.528	339.58	360.723	-8.224	-4.712	-6.735	-12.156	-3.368
4.51	341.038	79.803	34.84	45.591	65.498	340.037	361.378	-8.196	-4.688	-6.721	-12.144	-3.36
4.52	341.494	79.709	34.761	45.446	65.485	340.493	362.033	-8.173	-4.667	-6.71	-12.133	-3.355
4.53	341.948	79.636	34.681	45.313	65.487	340.947	362.688	-8.154	-4.648	-6.702	-12.124	-3.351
4.54	342.401	79.517	34.633	45.192	65.427	341.4	363.343	-8.139	-4.631	-6.69	-12.115	-3.345
4.55	342.853	79.419	34.554	45.045	65.409	341.852	363.997	-8.114	-4.609	-6.678	-12.104	-3.339
4.56	343.303	79.341	34.474	44.91	65.408	342.302	364.651	-8.094	-4.589	-6.67	-12.095	-3.335
4.57	343.752	79.219	34.426	44.786	65.344	342.751	365.305	-8.078	-4.572	-6.657	-12.086	-3.328
4.58	344.2	79.117	34.347	44.638	65.322	343.199	365.959	-8.054	-4.55	-6.644	-12.075	-3.322
4.59	344.646	79.036	34.267	44.501	65.317	343.645	366.613	-8.033	-4.531	-6.635	-12.065	-3.318
4.6	345.091	78.911	34.219	44.377	65.251	344.09	367.266	-8.016	-4.513	-6.622	-12.057	-3.311
4.61	345.534	78.807	34.14	44.228	65.226	344.533	367.919	-7.991	-4.491	-6.609	-12.046	-3.304
4.62	345.976	78.724	34.06	44.09	65.219	344.975	368.572	-7.97	-4.471	-6.599	-12.036	-3.3
4.63	346.417	78.597	34.012	43.965	65.151	345.416	369.224	-7.953	-4.454	-6.585	-12.027	-3.293
4.64	346.856	78.492	33.933	43.816	65.124	345.855	369.876	-7.928	-4.432	-6.572	-12.016	-3.286
4.65	347.294	78.408	33.853	43.678	65.116	346.293	370.527	-7.906	-4.412	-6.562	-12.006	-3.281
4.66	347.731	78.281	33.805	43.553	65.046	346.73	371.178	-7.89	-4.394	-6.548	-11.997	-3.274
4.67	348.166	78.175	33.726	43.404	65.019	347.165	371.829	-7.864	-4.372	-6.535	-11.986	-3.268
4.68	348.6	78.091	33.646	43.267	65.009	347.599	372.479	-7.843	-4.353	-6.525	-11.976	-3.263
4.69	349.033	77.964	33.598	43.143	64.939	348.032	373.129	-7.826	-4.336	-6.511	-11.968	-3.256
4.7	349.464	77.859	33.519	42.995	64.912	348.463	373.778	-7.8	-4.314	-6.498	-11.957	-3.249
4.71	349.894	77.776	33.439	42.859	64.902	348.893	374.427	-7.779	-4.294	-6.488	-11.947	-3.244
4.72	350.323	77.65	33.391	42.735	64.833	349.322	375.076	-7.763	-4.277	-6.474	-11.939	-3.237
4.73	350.75	77.547	33.312	42.588	64.805	349.749	375.724	-7.738	-4.256	-6.461	-11.928	-3.231
4.74	351.176	77.466	33.232	42.454	64.797	350.175	376.372	-7.717	-4.237	-6.452	-11.918	-3.226
4.75	351.601	77.343	33.184	42.332	64.729	350.6	377.02	-7.701	-4.22	-6.438	-11.91	-3.219
4.76	352.024	77.242	33.105	42.188	64.704	351.023	377.667	-7.677	-4.199	-6.425	-11.9	-3.213
4.77	352.446	77.164	33.025	42.055	64.697	351.445	378.314	-7.657	-4.181	-6.416	-11.89	-3.208
4.78	352.867	77.044	32.977	41.936	64.631	351.866	378.961	-7.641	-4.164	-6.403	-11.882	-3.202
4.79	353.286	76.947	32.898	41.793	64.608	352.285	379.607	-7.617	-4.144	-6.391	-11.872	-3.196
4.8	353.704	76.873	32.818	41.664	64.604	352.703	380.253	-7.598	-4.126	-6.383	-11.863	-3.191
4.81	354.121	76.758	32.77	41.547	64.541	353.12	380.899	-7.584	-4.11	-6.37	-11.855	-3.185
4.82	354.536	76.666	32.691	41.408	64.522	353.535	381.545	-7.561	-4.091	-6.359	-11.845	-3.179
4.83	354.95	76.597	32.612	41.281	64.521	353.949	382.191	-7.543	-4.073	-6.351	-11.837	-3.176
4.84	355.363	76.487	32.563	41.167	64.463	354.362	382.836	-7.529	-4.058	-6.34	-11.829	-3.17
4.85	355.775	76.4	32.484	41.032	64.447	354.774	383.481	-7.508	-4.039	-6.329	-11.82	-3.165
4.86	356.185	76.337	32.405	40.909	64.45	355.184	384.126	-7.491	-4.022	-6.322	-11.811	-3.161
4.87	356.594	76.233	32.356	40.799	64.397	355.593	384.77	-7.478	-4.008	-6.312	-11.804	-3.156
4.88	357.002	76.153	32.277	40.667	64.385	356.001	385.414	-7.458	-3.99	-6.302	-11.795	-3.151
4.89	357.409	76.032	32.229	40.548	64.318	356.408	386.057	-7.442	-3.974	-6.289	-11.787	-3.144
4.9	357.814	75.935	32.149	40.407	64.292	356.813	386.7	-7.419	-3.954	-6.276	-11.777	-3.138
4.91	358.218	75.862	32.07	40.28	64.286	357.217	387.343	-7.4	-3.937	-6.268	-11.768	-3.134
4.92	358.621	75.749	32.022	40.165	64.224	357.62	387.986	-7.386	-3.922	-6.256	-11.761	-3.128
4.93	359.022	75.66	31.942	40.029	64.204	358.021	388.628	-7.364	-3.903	-6.244	-11.751	-3.122
4.94	359.422	75.596	31.863	39.907	64.204	358.421	389.27	-7.346	-3.886	-6.237	-11.743	-3.118
4.95	359.821	75.492	31.815	39.797	64.15	358.82	389.912	-7.334	-3.872	-6.226	-11.736	-3.113
4.96	360.219	75.412	31.736	39.667	64.137	359.218	390.554	-7.314	-3.854	-6.217	-11.727	-3.108
4.97	360.616	75.293	31.687	39.55	64.069	359.615	391.195	-7.298	-3.839	-6.203	-11.719	-3.102
4.98	361.011	75.199	31.608	39.412	64.043	360.01	391.836	-7.275	-3.819	-6.191	-11.71	-3.096
4.99	361.405	75.129	31.529	39.287	64.039	360.404	392.477	-7.257	-3.803	-6.183	-11.701	-3.091
5.0	361.798	75.02	31.48	39.176	63.979	360.797	393.117	-7.243	-3.788	-6.171	-11.694	-3.086
5.01	362.19	74.936	31.401	39.044	63.961	361.189	393.757	-7.222	-3.77	-6.161	-11.685	-3.08
5.02	362.58	74.877	31.322	38.925	63.965	361.579	394.397	-7.206	-3.754	-6.154	-11.677	-3.077
5.03	362.969	74.779	31.273	38.819	63.914	361.968	395.036	-7.195	-3.741	-6.145	-11.671	-3.072
5.04	363.357	74.707	31.194	38.694	63.905	362.356	395.675	-7.176	-3.724	-6.136	-11.662	-3.068
5.05	363.744	74.596	31.145	38.582	63.844	362.743	396.314	-7.162	-3.71	-6.124	-11.655	-3.062
5.06	364.13	74.511	31.066	38.45	63.824	363.129	396.953	-7.141	-3.692	-6.113	-11.646	-3.056
5.07	364.514	74.451	30.988	38.331	63.825	363.513	397.592	-7.125	-3.676	-6.106	-11.638	-3.053
5.08	364.897	74.353	30.938	38.226	63.774	363.896	398.23	-7.113	-3.663	-6.096	-11.632	-3.048
5.09	365.279	74.281	30.86	38.101	63.764	364.278	398.868	-7.095	-3.647	-6.087	-11.623	-3.044
5.1	365.66	74.171	30.81	37.99	63.703	364.659	399.505	-7.081	-3.632	-6.075	-11.616	-3.038
5.11	366.04	74.086	30.732	37.859	63.683	365.039	400.142	-7.06	-3.615	-6.064	-11.607	-3.032
5.12	366.419	74.027	30.653	37.742	63.684	365.418	400.779	-7.044	-3.599	-6.058	-11.6	-3.029
5.13	366.797	73.931	30.604	37.638	63.633	365.796	401.416	-7.033	-3.587	-6.048	-11.593	-3.024
5.14	367.173	73.861	30.525	37.515	63.624	366.172	402.053	-7.014	-3.57	-6.039	-11.585	-3.02
5.15	367.548	73.754	30.476	37.406	63.564	366.547	402.689	-7.001	-3.557	-6.028	-11.578	-3.014
5.16	367.922	73.673	30.397	37.278	63.546	366.921	403.325	-6.981	-3.539	-6.017	-11.57	-3.009
5.17	368.295	73.618	30.318	37.163	63.55	367.294	403.961	-6.965	-3.525	-6.011	-11.562	-3.006
5.18	368.667	73.526	30.269	37.062	63.502	367.666	404.596	-6.955	-3.512	-6.002	-11.556	-3.001
5.19	369.038	73.461	30.19	36.942	63.496	368.037	405.231	-6.938	-3.497	-5.994	-11.548	-2.997
5.2	369.408	73.359	30.141	36.835	63.44	368.407	405.866	-6.925	-3.483	-5.984	-11.542	-2.992
5.21	369.776	73.284	30.062	36.711	63.426	368.775	406.501	-6.906	-3.467	-5.974	-11.533	-2.987
5.22	370.143	73.172	30.013	36.6	63.361	369.142	407.135	-6.892	-3.453	-5.962	-11.526	-2.981
5.23	370.509	73.087	29.934	36.471	63.337	369.508	407.769	-6.871	-3.436	-5.95	-11.518	-2.975
5.24	370.874	73.029	29.856	36.355	63.337	369.873	408.403	-6.855	-3.421	-5.943	-11.51	-2.972
5.25	371.238	72.935	29.806	36.253	63.286	370.237	409.036	-6.844	-3.408	-5.934	-11.504	-2.967
5.26	371.6	72.868	29.728	36.134	63.278	370.599	409.669	-6.827	-3.393	-5.925	-11.496	-2.963
5.27	371.961	72.765	29.678	36.028	63.22	370.96	410.301	-6.814	-3.38	-5.915	-11.49	-2.957
5.28	372.321	72.689	29.6	35.904	63.203	371.32	410.933	-6.795	-3.363	-5.905	-11.482	-2.952
5.29	372.68	72.578	29.55	35.794	63.137	371.679	411.565	-6.781	-3.35	-5.892	-11.475	-2.946
5.3	373.038	72.494	29.471	35.666	63.113	372.037	412.196	-6.76	-3.333	-5.881	-11.466	-2.941
5.31	373.395	72.438	29.393	35.552	63.113	372.394	412.827	-6.744	-3.318	-5.874	-11.459	-2.937
5.32	373.751	72.346	29.343	35.453	63.064	372.75	413.458	-6.734	-3.306	-5.865	-11.453	-2.933
5.33	374.105	72.282	29.265	35.335	63.056	373.104	414.089	-6.717	-3.291	-5.857	-11.446	-2.929
5.34	374.458	72.183	29.215	35.232	63.001	373.457	414.719	-6.705	-3.279	-5.847	-11.439	-2.923
5.35	374.81	72.112	29.137	35.111	62.987	373.809	415.349	-6.687	-3.263	-5.837	-11.432	-2.919
5.36	375.161	72.006	29.087	35.004	62.925	374.16	415.979	-6.673	-3.25	-5.826	-11.425	-2.913
5.37	375.511	71.928	29.009	34.881	62.904	374.51	416.608	-6.654	-3.234	-5.815	-11.417	-2.908
5.38	375.86	71.878	28.931	34.771	62.908	374.859	417.237	-6.639	-3.22	-5.809	-11.41	-2.905
5.39	376.208	71.793	28.88	34.675	62.864	375.207	417.866	-6.63	-3.209	-5.801	-11.405	-2.901
5.4	376.555	71.737	28.802	34.562	62.862	375.554	418.495	-6.614	-3.195	-5.794	-11.397	-2.897
5.41	376.901	71.646	28.752	34.463	62.813	375.9	419.123	-6.604	-3.183	-5.785	-11.392	-2.893
5.42	377.246	71.584	28.674	34.348	62.805	376.245	419.751	-6.587	-3.169	-5.777	-11.384	-2.889
5.43	377.59	71.487	28.624	34.247	62.75	376.589	420.379	-6.576	-3.156	-5.767	-11.378	-2.884
5.44	377.932	71.419	28.546	34.129	62.737	376.931	421.007	-6.558	-3.141	-5.758	-11.371	-2.879
5.45	378.273	71.317	28.496	34.025	62.677	377.272	421.634	-6.546	-3.129	-5.747	-11.364	-2.874
5.46	378.613	71.244	28.418	33.905	62.659	377.612	422.261	-6.527	-3.113	-5.737	-11.357	-2.869
5.47	378.952	71.137	28.367	33.799	62.595	377.951	422.887	-6.514	-3.101	-5.726	-11.35	-2.863
5.48	379.29	71.059	28.289	33.677	62.572	378.289	423.513	-6.494	-3.085	-5.715	-11.342	-2.857
5.49	379.627	71.01	28.212	33.569	62.574	378.626	424.139	-6.48	-3.071	-5.709	-11.336	-2.854
5.5	379.963	70.927	28.161	33.474	62.531	378.962	424.765	-6.471	-3.061	-5.701	-11.33	-2.85
5.51	380.298	70.874	28.083	33.364	62.529	379.297	425.391	-6.456	-3.047	-5.694	-11.324	-2.847
5.52	380.632	70.787	28.033	33.268	62.482	379.631	426.016	-6.446	-3.036	-5.686	-11.318	-2.843
5.53	380.965	70.73	27.955	33.157	62.477	379.964	426.641	-6.43	-3.022	-5.678	-11.311	-2.839
5.54	381.297	70.64	27.905	33.059	62.426	380.296	427.266	-6.42	-3.011	-5.669	-11.306	-2.834
5.55	381.628	70.579	27.827	32.947	62.417	380.627	427.89	-6.404	-2.997	-5.661	-11.298	-2.83
5.56	381.958	70.485	27.776	32.847	62.364	380.957	428.514	-6.393	-2.985	-5.651	-11.293	-2.826
5.57	382.286	70.421	27.699	32.733	62.351	381.285	429.138	-6.376	-2.971	-5.642	-11.286	-2.821
5.58	382.613	70.324	27.648	32.633	62.294	381.612	429.761	-6.364	-2.959	-5.632	-11.28	-2.816
5.59	382.939	70.257	27.57	32.518	62.279	381.938	430.384	-6.347	-2.945	-5.623	-11.272	-2.812
5.6	383.264	70.158	27.519	32.416	62.22	382.263	431.006	-6.334	-2.933	-5.612	-11.266	-2.806
5.61	383.588	70.089	27.442	32.3	62.202	382.587	431.628	-6.317	-2.918	-5.603	-11.259	-2.801
5.62	383.911	69.987	27.391	32.198	62.141	382.91	432.25	-6.304	-2.906	-5.592	-11.253	-2.796
5.63	384.233	69.916	27.314	32.082	62.121	383.232	432.871	-6.286	-2.892	-5.582	-11.246	-2.791
5.64	384.554	69.875	27.236	31.979	62.127	383.553	433.493	-6.273	-2.879	-5.577	-11.24	-2.788
5.65	384.874	69.802	27.185	31.89	62.091	383.873	434.114	-6.266	-2.87	-5.57	-11.235	-2.785
5.66	385.193	69.759	27.108	31.787	62.096	384.192	434.735	-6.253	-2.857	-5.565	-11.229	-2.782
5.67	385.511	69.684	27.057	31.698	62.058	384.51	435.356	-6.245	-2.848	-5.558	-11.224	-2.779
5.68	385.828	69.64	26.98	31.594	62.061	384.827	435.977	-6.232	-2.835	-5.552	-11.218	-2.776
5.69	386.144	69.564	26.929	31.504	62.022	385.143	436.597	-6.224	-2.826	-5.545	-11.213	-2.773
5.7	386.459	69.519	26.852	31.4	62.023	385.458	437.218	-6.21	-2.813	-5.539	-11.207	-2.77
5.71	386.773	69.443	26.8	31.311	61.983	385.772	437.838	-6.202	-2.803	-5.532	-11.202	-2.766
5.72	387.086	69.397	26.723	31.207	61.985	386.085	438.458	-6.189	-2.791	-5.526	-11.196	-2.763
5.73	387.398	69.32	26.672	31.117	61.944	386.397	439.078	-6.18	-2.781	-5.519	-11.191	-2.76
5.74	387.709	69.274	26.595	31.013	61.945	386.708	439.698	-6.167	-2.769	-5.513	-11.184	-2.756
5.75	388.019	69.197	26.544	30.923	61.903	387.018	440.317	-6.158	-2.759	-5.506	-11.179	-2.753
5.76	388.328	69.151	26.467	30.819	61.904	387.327	440.936	-6.145	-2.747	-5.5	-11.173	-2.75
5.77	388.636	69.075	26.415	30.73	61.863	387.635	441.555	-6.137	-2.737	-5.492	-11.168	-2.746
5.78	388.943	69.03	26.339	30.627	61.864	387.942	442.174	-6.123	-2.725	-5.486	-11.162	-2.743
5.79	389.249	68.954	26.287	30.538	61.823	388.248	442.793	-6.115	-2.715	-5.479	-11.158	-2.74
5.8	389.554	68.91	26.21	30.435	61.824	388.553	443.412	-6.102	-2.703	-5.473	-11.152	-2.737
5.81	389.859	68.835	26.159	30.347	61.785	388.858	444.03	-6.094	-2.694	-5.466	-11.147	-2.733
5.82	390.163	68.792	26.082	30.245	61.787	389.162	444.648	-6.081	-2.682	-5.46	-11.141	-2.73
5.83	390.466	68.719	26.03	30.157	61.748	389.465	445.266	-6.073	-2.672	-5.454	-11.136	-2.727
5.84	390.768	68.677	25.954	30.056	61.751	389.767	445.884	-6.06	-2.66	-5.448	-11.13	-2.724
5.85	391.069	68.605	25.902	29.969	61.713	390.068	446.501	-6.053	-2.651	-5.441	-11.126	-2.721
5.86	391.369	68.565	25.825	29.869	61.717	390.368	447.118	-6.04	-2.64	-5.436	-11.12	-2.718
5.87	391.668	68.495	25.774	29.783	61.681	390.667	447.735	-6.033	-2.63	-5.43	-11.115	-2.715
5.88	391.966	68.457	25.697	29.684	61.687	390.965	448.352	-6.021	-2.619	-5.425	-11.11	-2.712
5.89	392.263	68.39	25.646	29.599	61.653	391.262	448.969	-6.014	-2.61	-5.419	-11.105	-2.709
5.9	392.559	68.293	25.594	29.502	61.592	391.558	449.585	-6.002	-2.599	-5.408	-11.099	-2.704
5.91	392.854	68.229	25.517	29.392	61.573	391.853	450.201	-5.985	-2.586	-5.399	-11.093	-2.699
5.92	393.148	68.135	25.465	29.296	61.516	392.147	450.816	-5.974	-2.575	-5.389	-11.087	-2.694
5.93	393.441	68.074	25.389	29.187	61.499	392.44	451.431	-5.958	-2.562	-5.38	-11.081	-2.69
5.94	393.733	67.984	25.337	29.093	61.444	392.732	452.046	-5.947	-2.551	-5.37	-11.076	-2.685
5.95	394.024	67.926	25.261	28.986	61.431	393.023	452.661	-5.931	-2.539	-5.362	-11.069	-2.681
5.96	394.314	67.839	25.209	28.894	61.378	393.313	453.275	-5.921	-2.528	-5.353	-11.064	-2.676
5.97	394.603	67.785	25.132	28.789	61.368	393.602	453.889	-5.906	-2.516	-5.345	-11.058	-2.672
5.98	394.891	67.702	25.08	28.698	61.319	393.89	454.502	-5.897	-2.506	-5.336	-11.053	-2.668
5.99	395.178	67.652	25.004	28.595	61.311	394.177	455.115	-5.882	-2.494	-5.329	-11.047	-2.665
6.0	395.464	67.573	24.952	28.506	61.266	394.463	455.728	-5.873	-2.484	-5.321	-11.042	-2.661
6.01	395.749	67.527	24.876	28.405	61.262	394.748	456.341	-5.86	-2.473	-5.315	-11.036	-2.657
6.02	396.033	67.453	24.824	28.319	61.22	395.032	456.953	-5.852	-2.464	-5.308	-11.032	-2.654
6.03	396.316	67.412	24.748	28.22	61.221	395.315	457.565	-5.839	-2.452	-5.302	-11.026	-2.651
6.04	396.598	67.343	24.695	28.135	61.184	395.597	458.177	-5.832	-2.444	-5.295	-11.022	-2.648
6.05	396.879	67.307	24.619	28.039	61.188	395.878	458.789	-5.82	-2.433	-5.29	-11.016	-2.645
6.06	397.16	67.243	24.567	27.957	61.156	396.159	459.401	-5.814	-2.424	-5.285	-11.012	-2.642
6.07	397.44	67.151	24.515	27.863	61.098	396.439	460.012	-5.803	-2.414	-5.275	-11.007	-2.637
6.08	397.719	67.092	24.439	27.758	61.081	396.718	460.623	-5.787	-2.402	-5.266	-11.001	-2.633
6.09	397.997	67.006	24.387	27.666	61.027	396.996	461.234	-5.777	-2.392	-5.257	-10.996	-2.628
6.1	398.274	66.953	24.311	27.564	61.016	397.273	461.844	-5.762	-2.38	-5.249	-10.99	-2.625
6.11	398.55	66.873	24.258	27.475	60.968	397.549	462.454	-5.753	-2.37	-5.241	-10.985	-2.62
6.12	398.825	66.826	24.182	27.375	60.962	397.824	463.064	-5.739	-2.359	-5.234	-10.979	-2.617
6.13	399.099	66.752	24.13	27.289	60.919	398.098	463.673	-5.731	-2.35	-5.227	-10.975	-2.613
6.14	399.372	66.712	24.054	27.192	60.918	398.371	464.282	-5.718	-2.339	-5.221	-10.969	-2.61
6.15	399.644	66.645	24.002	27.109	60.882	398.643	464.891	-5.711	-2.33	-5.214	-10.965	-2.607
6.16	399.915	66.611	23.926	27.015	60.887	398.914	465.5	-5.7	-2.32	-5.21	-10.96	-2.605
6.17	400.185	66.551	23.874	26.935	60.856	399.184	466.109	-5.694	-2.312	-5.204	-10.956	-2.602
6.18	400.455	66.464	23.821	26.844	60.802	399.454	466.717	-5.684	-2.302	-5.195	-10.951	-2.598
6.19	400.724	66.411	23.746	26.742	60.789	399.723	467.325	-5.669	-2.29	-5.187	-10.945	-2.594
6.2	400.992	66.331	23.693	26.654	60.74	399.991	467.933	-5.66	-2.281	-5.179	-10.94	-2.589
6.21	401.259	66.285	23.617	26.556	60.733	400.258	468.541	-5.646	-2.27	-5.172	-10.935	-2.586
6.22	401.525	66.213	23.565	26.471	60.691	400.524	469.148	-5.638	-2.261	-5.165	-10.931	-2.582
6.23	401.79	66.175	23.489	26.376	60.692	400.789	469.755	-5.626	-2.251	-5.159	-10.925	-2.58
6.24	402.054	66.111	23.437	26.295	60.657	401.053	470.362	-5.62	-2.242	-5.153	-10.921	-2.577
6.25	402.317	66.021	23.384	26.203	60.598	401.316	470.968	-5.609	-2.232	-5.143	-10.916	-2.572
6.26	402.579	65.965	23.309	26.101	60.582	401.578	471.574	-5.594	-2.221	-5.135	-10.91	-2.567
6.27	402.84	65.883	23.256	26.013	60.53	401.839	472.18	-5.584	-2.211	-5.126	-10.906	-2.563
6.28	403.1	65.836	23.18	25.915	60.521	402.099	472.785	-5.57	-2.2	-5.119	-10.9	-2.56
6.29	403.359	65.763	23.128	25.83	60.478	402.358	473.39	-5.562	-2.192	-5.112	-10.896	-2.556
6.3	403.617	65.725	23.052	25.736	60.476	402.616	473.995	-5.55	-2.181	-5.106	-10.891	-2.553
6.31	403.875	65.661	23.0	25.655	60.441	402.874	474.6	-5.544	-2.173	-5.1	-10.887	-2.55
6.32	404.132	65.632	22.924	25.565	60.448	403.131	475.205	-5.533	-2.163	-5.096	-10.882	-2.548
6.33	404.388	65.577	22.872	25.488	60.422	403.387	475.809	-5.528	-2.156	-5.091	-10.878	-2.546
6.34	404.643	65.497	22.819	25.401	60.371	403.642	476.413	-5.519	-2.147	-5.083	-10.873	-2.541
6.35	404.897	65.452	22.743	25.304	60.363	403.896	477.017	-5.505	-2.136	-5.076	-10.868	-2.538
6.36	405.15	65.382	22.691	25.221	60.321	404.149	477.62	-5.498	-2.128	-5.069	-10.864	-2.534
6.37	405.402	65.347	22.615	25.129	60.322	404.401	478.223	-5.486	-2.118	-5.063	-10.859	-2.532
6.38	405.654	65.287	22.563	25.05	60.29	404.653	478.826	-5.48	-2.11	-5.058	-10.855	-2.529
6.39	405.905	65.202	22.509	24.962	60.235	404.904	479.429	-5.47	-2.1	-5.049	-10.85	-2.524
6.4	406.155	65.152	22.434	24.864	60.221	405.154	480.031	-5.456	-2.09	-5.041	-10.845	-2.521
6.41	406.404	65.078	22.381	24.78	60.175	405.403	480.633	-5.447	-2.081	-5.033	-10.84	-2.517
6.42	406.652	65.039	22.307	24.686	60.172	405.651	481.235	-5.435	-2.071	-5.027	-10.835	-2.514
6.43	406.899	64.975	22.253	24.607	60.136	405.898	481.837	-5.429	-2.063	-5.021	-10.831	-2.511
6.44	407.145	64.947	22.179	24.517	60.142	406.144	482.439	-5.418	-2.053	-5.017	-10.827	-2.508
6.45	407.39	64.895	22.126	24.442	60.116	406.389	483.04	-5.413	-2.046	-5.013	-10.823	-2.506
6.46	407.635	64.818	22.072	24.357	60.068	406.634	483.641	-5.404	-2.037	-5.005	-10.819	-2.502
6.47	407.879	64.777	21.998	24.263	60.061	406.878	484.242	-5.392	-2.027	-4.998	-10.814	-2.499
6.48	408.122	64.712	21.944	24.183	60.023	407.121	484.842	-5.385	-2.019	-4.992	-10.81	-2.496
6.49	408.364	64.683	21.87	24.094	60.028	407.363	485.443	-5.374	-2.01	-4.987	-10.805	-2.494
6.5	408.605	64.63	21.817	24.019	60.001	407.604	486.043	-5.369	-2.003	-4.983	-10.801	-2.491
6.51	408.845	64.553	21.763	23.934	59.952	407.844	486.643	-5.36	-1.994	-4.974	-10.797	-2.487
6.52	409.084	64.512	21.689	23.841	59.945	408.083	487.243	-5.348	-1.984	-4.968	-10.792	-2.484
6.53	409.323	64.447	21.635	23.762	59.907	408.322	487.842	-5.341	-1.976	-4.962	-10.788	-2.481
6.54	409.561	64.418	21.561	23.673	59.911	408.56	488.441	-5.33	-1.967	-4.957	-10.783	-2.479
6.55	409.797	64.342	21.454	23.534	59.884	408.796	489.04	-5.325	-1.954	-4.953	-10.777	-2.476
6.56	410.032	64.303	21.38	23.441	59.878	409.031	489.639	-5.313	-1.944	-4.946	-10.772	-2.473
6.57	410.267	64.24	21.326	23.363	59.841	409.266	490.238	-5.306	-1.937	-4.94	-10.768	-2.47
6.58	410.501	64.214	21.252	23.276	59.847	409.5	490.837	-5.296	-1.928	-4.936	-10.764	-2.468
6.59	410.733	64.141	21.145	23.138	59.823	409.732	491.435	-5.292	-1.916	-4.932	-10.758	-2.466
6.6	410.965	64.105	21.071	23.047	59.819	409.964	492.033	-5.28	-1.906	-4.926	-10.753	-2.463
6.61	411.196	64.046	21.017	22.97	59.785	410.195	492.631	-5.274	-1.899	-4.92	-10.749	-2.46
6.62	411.426	63.964	20.964	22.885	59.73	410.425	493.229	-5.264	-1.89	-4.911	-10.745	-2.456
6.63	411.655	63.919	20.89	22.792	59.718	410.654	493.826	-5.251	-1.88	-4.904	-10.74	-2.452
6.64	411.883	63.852	20.836	22.712	59.676	410.882	494.423	-5.243	-1.872	-4.897	-10.736	-2.449
6.65	412.11	63.822	20.762	22.624	59.677	411.109	495.02	-5.232	-1.863	-4.892	-10.731	-2.446
6.66	412.336	63.747	20.655	22.486	59.649	411.335	495.617	-5.227	-1.85	-4.887	-10.725	-2.444
6.67	412.561	63.709	20.581	22.395	59.643	411.56	496.214	-5.215	-1.841	-4.881	-10.72	-2.441
6.68	412.785	63.649	20.527	22.318	59.607	411.784	496.81	-5.209	-1.833	-4.875	-10.717	-2.438
6.69	413.008	63.626	20.453	22.234	59.615	412.007	497.406	-5.199	-1.825	-4.871	-10.712	-2.436
6.7	413.23	63.559	20.346	22.098	59.593	412.229	498.002	-5.195	-1.813	-4.868	-10.707	-2.434
6.71	413.451	63.529	20.272	22.012	59.594	412.45	498.598	-5.184	-1.804	-4.863	-10.702	-2.431
6.72	413.671	63.455	20.164	21.874	59.566	412.67	499.194	-5.179	-1.792	-4.858	-10.696	-2.429
6.73	413.89	63.419	20.091	21.785	59.56	412.889	499.79	-5.167	-1.783	-4.852	-10.691	-2.426
6.74	414.108	63.361	20.037	21.709	59.526	413.107	500.386	-5.161	-1.776	-4.847	-10.688	-2.423
6.75	414.325	63.282	19.983	21.626	59.472	413.324	500.981	-5.152	-1.767	-4.838	-10.684	-2.419
6.76	414.541	63.241	19.909	21.536	59.461	413.54	501.576	-5.139	-1.758	-4.831	-10.679	-2.415
6.77	414.757	63.178	19.856	21.458	59.422	413.756	502.17	-5.133	-1.75	-4.825	-10.675	-2.412
6.78	414.972	63.153	19.782	21.374	59.426	413.971	502.765	-5.122	-1.742	-4.82	-10.671	-2.41
6.79	415.185	63.086	19.674	21.239	59.403	414.184	503.359	-5.118	-1.73	-4.816	-10.665	-2.408
6.8	415.398	63.057	19.601	21.153	59.403	414.397	503.953	-5.107	-1.721	-4.811	-10.661	-2.406
6.81	415.609	62.986	19.493	21.018	59.376	414.608	504.547	-5.103	-1.709	-4.807	-10.655	-2.403
6.82	415.819	62.953	19.419	20.931	59.372	414.818	505.141	-5.091	-1.7	-4.801	-10.65	-2.401
6.83	416.028	62.879	19.311	20.794	59.341	415.027	505.735	-5.086	-1.689	-4.796	-10.644	-2.398
6.84	416.236	62.843	19.238	20.707	59.334	415.235	506.329	-5.074	-1.679	-4.79	-10.64	-2.395
6.85	416.443	62.766	19.13	20.569	59.3	415.442	506.922	-5.068	-1.667	-4.784	-10.634	-2.392
6.86	416.649	62.728	19.057	20.481	59.29	415.648	507.515	-5.056	-1.658	-4.778	-10.629	-2.389
6.87	416.854	62.669	19.003	20.406	59.254	415.853	508.108	-5.05	-1.651	-4.772	-10.626	-2.386
6.88	417.058	62.649	18.93	20.324	59.261	416.057	508.701	-5.04	-1.643	-4.768	-10.622	-2.384
6.89	417.261	62.589	18.821	20.192	59.242	416.26	509.294	-5.037	-1.632	-4.765	-10.616	-2.382
6.9	417.463	62.568	18.748	20.11	59.248	416.462	509.887	-5.027	-1.624	-4.761	-10.612	-2.38
6.91	417.664	62.507	18.64	19.978	59.228	416.663	510.48	-5.024	-1.613	-4.758	-10.606	-2.379
6.92	417.864	62.485	18.567	19.896	59.233	416.863	511.073	-5.014	-1.605	-4.753	-10.602	-2.377
6.93	418.063	62.423	18.458	19.764	59.212	417.062	511.665	-5.011	-1.593	-4.75	-10.597	-2.375
6.94	418.261	62.401	18.386	19.682	59.216	417.26	512.257	-5.001	-1.585	-4.746	-10.593	-2.373
6.95	418.458	62.34	18.277	19.55	59.195	417.457	512.849	-4.997	-1.574	-4.742	-10.587	-2.371
6.96	418.654	62.319	18.205	19.469	59.199	417.653	513.441	-4.987	-1.566	-4.738	-10.583	-2.369
6.97	418.848	62.259	18.096	19.338	59.179	417.847	514.033	-4.984	-1.555	-4.735	-10.577	-2.367
6.98	419.042	62.239	18.023	19.257	59.185	418.041	514.625	-4.974	-1.547	-4.731	-10.574	-2.365
6.99	419.234	62.18	17.914	19.126	59.166	418.233	515.217	-4.971	-1.536	-4.728	-10.568	-2.364
7.0	419.426	62.161	17.842	19.046	59.172	418.425	515.809	-4.962	-1.528	-4.724	-10.564	-2.362
7.01	419.616	62.104	17.733	18.916	59.154	418.615	516.401	-4.959	-1.517	-4.721	-10.559	-2.36
7.02	419.805	62.029	17.678	18.836	59.099	418.804	516.992	-4.95	-1.51	-4.712	-10.555	-2.356
7.03	419.994	61.994	17.606	18.751	59.09	418.993	517.583	-4.938	-1.501	-4.706	-10.551	-2.353
7.04	420.181	61.922	17.497	18.617	59.057	419.18	518.174	-4.932	-1.489	-4.7	-10.545	-2.35
7.05	420.367	61.89	17.425	18.533	59.05	419.366	518.765	-4.921	-1.481	-4.694	-10.541	-2.347
7.06	420.552	61.821	17.315	18.4	59.02	419.551	519.355	-4.916	-1.47	-4.689	-10.535	-2.345
7.07	420.736	61.793	17.243	18.317	59.016	419.735	519.945	-4.905	-1.462	-4.684	-10.531	-2.342
7.08	420.919	61.728	17.134	18.185	58.989	419.918	520.535	-4.9	-1.45	-4.68	-10.525	-2.34
7.09	421.101	61.704	17.062	18.105	58.989	420.1	521.125	-4.89	-1.443	-4.675	-10.521	-2.337
7.1	421.282	61.644	16.952	17.974	58.966	420.281	521.715	-4.886	-1.432	-4.671	-10.516	-2.336
7.11	421.462	61.625	16.881	17.895	58.97	420.461	522.305	-4.877	-1.424	-4.667	-10.512	-2.333
7.12	421.641	61.571	16.771	17.766	58.952	420.64	522.895	-4.874	-1.413	-4.664	-10.507	-2.332
7.13	421.819	61.499	16.716	17.689	58.9	420.818	523.484	-4.865	-1.406	-4.656	-10.503	-2.328
7.14	421.996	61.468	16.645	17.607	58.893	420.995	524.073	-4.854	-1.398	-4.65	-10.499	-2.325
7.15	422.172	61.402	16.535	17.475	58.863	421.171	524.662	-4.849	-1.387	-4.645	-10.493	-2.323
7.16	422.347	61.378	16.463	17.395	58.861	421.346	525.251	-4.838	-1.379	-4.64	-10.489	-2.32
7.17	422.521	61.319	16.353	17.265	58.838	421.52	525.84	-4.835	-1.368	-4.636	-10.484	-2.318
7.18	422.694	61.302	16.282	17.187	58.843	421.693	526.429	-4.825	-1.361	-4.632	-10.48	-2.316
7.19	422.866	61.251	16.172	17.06	58.827	421.865	527.017	-4.823	-1.35	-4.63	-10.475	-2.315
7.2	423.037	61.183	16.117	16.984	58.778	422.036	527.605	-4.815	-1.343	-4.622	-10.472	-2.311
7.21	423.207	61.156	16.046	16.904	58.774	422.206	528.193	-4.804	-1.335	-4.617	-10.468	-2.308
7.22	423.376	61.096	15.936	16.774	58.748	422.375	528.781	-4.8	-1.325	-4.612	-10.462	-2.306
7.23	423.544	61.078	15.865	16.697	58.751	422.543	529.369	-4.79	-1.317	-4.608	-10.459	-2.304
7.24	423.711	61.027	15.755	16.57	58.734	422.71	529.957	-4.787	-1.307	-4.606	-10.453	-2.303
7.25	423.877	60.959	15.699	16.495	58.685	422.876	530.544	-4.779	-1.3	-4.598	-10.45	-2.299
7.26	424.042	60.933	15.629	16.415	58.681	423.041	531.131	-4.769	-1.292	-4.592	-10.446	-2.296
7.27	424.206	60.875	15.518	16.287	58.656	423.205	531.718	-4.765	-1.282	-4.588	-10.441	-2.294
7.28	424.369	60.859	15.447	16.21	58.661	423.368	532.305	-4.756	-1.275	-4.584	-10.437	-2.292
7.29	424.531	60.811	15.337	16.084	58.645	423.53	532.892	-4.753	-1.264	-4.582	-10.432	-2.291
7.3	424.692	60.731	15.226	15.95	58.599	423.691	533.478	-4.746	-1.253	-4.575	-10.426	-2.287
7.31	424.852	60.694	15.156	15.868	58.583	423.851	534.064	-4.733	-1.245	-4.568	-10.422	-2.284
7.32	425.01	60.625	15.045	15.737	58.547	424.009	534.65	-4.727	-1.234	-4.562	-10.417	-2.281
7.33	425.168	60.599	14.975	15.658	58.541	424.167	535.236	-4.717	-1.226	-4.556	-10.413	-2.278
7.34	425.324	60.542	14.864	15.53	58.516	424.323	535.821	-4.713	-1.216	-4.552	-10.408	-2.276
7.35	425.48	60.528	14.794	15.455	58.521	424.479	536.406	-4.704	-1.209	-4.549	-10.404	-2.274
7.36	425.634	60.483	14.683	15.331	58.508	424.633	536.991	-4.702	-1.199	-4.546	-10.399	-2.273
7.37	425.787	60.408	14.572	15.198	58.464	424.786	537.576	-4.695	-1.188	-4.54	-10.394	-2.27
7.38	425.939	60.376	14.502	15.119	58.452	424.938	538.161	-4.683	-1.18	-4.533	-10.39	-2.267
7.39	426.09	60.314	14.391	14.99	58.421	425.089	538.745	-4.678	-1.17	-4.528	-10.385	-2.264
7.4	426.24	60.295	14.321	14.914	58.422	425.239	539.329	-4.668	-1.162	-4.524	-10.381	-2.262
7.41	426.389	60.247	14.21	14.789	58.403	425.388	539.913	-4.665	-1.152	-4.521	-10.376	-2.26
7.42	426.537	60.169	14.099	14.657	58.357	425.536	540.497	-4.658	-1.141	-4.514	-10.371	-2.257
7.43	426.684	60.135	14.029	14.578	58.341	425.683	541.081	-4.646	-1.134	-4.507	-10.367	-2.253
7.44	426.83	60.072	13.918	14.449	58.308	425.829	541.664	-4.641	-1.123	-4.502	-10.362	-2.251
7.45	426.975	60.053	13.848	14.374	58.307	425.974	542.247	-4.631	-1.116	-4.497	-10.358	-2.248
7.46	427.119	60.005	13.737	14.249	58.289	426.118	542.83	-4.628	-1.106	-4.494	-10.353	-2.247
7.47	427.261	59.929	13.625	14.118	58.242	426.26	543.413	-4.621	-1.095	-4.487	-10.348	-2.243
7.48	427.402	59.897	13.556	14.04	58.229	426.401	543.996	-4.609	-1.088	-4.48	-10.344	-2.24
7.49	427.542	59.837	13.445	13.913	58.198	426.541	544.578	-4.604	-1.077	-4.475	-10.339	-2.238
7.5	427.681	59.822	13.375	13.839	58.199	426.68	545.16	-4.595	-1.071	-4.471	-10.335	-2.235
7.51	427.819	59.779	13.264	13.716	58.184	426.818	545.742	-4.593	-1.061	-4.469	-10.33	-2.234
7.52	427.956	59.709	13.152	13.586	58.143	426.955	546.324	-4.586	-1.05	-4.462	-10.325	-2.231
7.53	428.092	59.684	13.083	13.51	58.134	427.091	546.906	-4.575	-1.043	-4.456	-10.322	-2.228
7.54	428.227	59.632	12.972	13.385	58.11	427.226	547.487	-4.571	-1.033	-4.453	-10.317	-2.226
7.55	428.361	59.553	12.86	13.254	58.059	427.36	548.068	-4.563	-1.022	-4.445	-10.311	-2.222
7.56	428.494	59.519	12.791	13.177	58.042	427.493	548.649	-4.551	-1.015	-4.438	-10.307	-2.219
7.57	428.626	59.459	12.679	13.051	58.009	427.625	549.229	-4.546	-1.005	-4.432	-10.302	-2.216
7.58	428.756	59.431	12.555	12.919	58.01	427.755	549.809	-4.537	-0.994	-4.428	-10.297	-2.214
7.59	428.885	59.377	12.443	12.794	57.983	427.884	550.389	-4.533	-0.984	-4.424	-10.292	-2.212
7.6	429.013	59.356	12.318	12.663	57.989	428.012	550.969	-4.524	-0.973	-4.42	-10.286	-2.21
7.61	429.139	59.31	12.206	12.54	57.969	428.138	551.549	-4.521	-0.963	-4.417	-10.282	-2.209
7.62	429.264	59.239	12.094	12.412	57.924	428.263	552.128	-4.514	-0.953	-4.41	-10.276	-2.205
7.63	429.388	59.213	12.026	12.337	57.914	428.387	552.707	-4.503	-0.946	-4.404	-10.273	-2.202
7.64	429.511	59.163	11.914	12.214	57.888	428.51	553.286	-4.5	-0.936	-4.401	-10.268	-2.2
7.65	429.633	59.088	11.802	12.085	57.839	428.632	553.865	-4.492	-0.925	-4.393	-10.263	-2.197
7.66	429.754	59.059	11.734	12.01	57.825	428.753	554.443	-4.481	-0.919	-4.386	-10.259	-2.193
7.67	429.874	59.006	11.621	11.886	57.797	428.873	555.021	-4.476	-0.909	-4.382	-10.254	-2.191
7.68	429.993	58.988	11.497	11.758	57.804	428.992	555.599	-4.468	-0.898	-4.379	-10.249	-2.189
7.69	430.11	58.946	11.385	11.636	57.786	429.109	556.177	-4.465	-0.889	-4.376	-10.244	-2.188
7.7	430.226	58.881	11.273	11.51	57.745	429.225	556.755	-4.459	-0.878	-4.37	-10.239	-2.185
7.71	430.341	58.851	11.149	11.379	57.74	429.34	557.333	-4.449	-0.868	-4.365	-10.234	-2.182
7.72	430.455	58.798	11.036	11.256	57.711	429.454	557.91	-4.445	-0.858	-4.36	-10.229	-2.18
7.73	430.567	58.781	10.913	11.128	57.718	429.566	558.487	-4.437	-0.847	-4.357	-10.224	-2.178
7.74	430.678	58.742	10.8	11.007	57.701	429.677	559.064	-4.434	-0.838	-4.354	-10.219	-2.177
7.75	430.788	58.681	10.688	10.883	57.663	429.787	559.641	-4.428	-0.828	-4.349	-10.214	-2.174
7.76	430.897	58.656	10.564	10.754	57.662	429.896	560.218	-4.419	-0.818	-4.344	-10.209	-2.172
7.77	431.004	58.61	10.452	10.632	57.637	430.003	560.795	-4.415	-0.808	-4.34	-10.204	-2.17
7.78	431.11	58.542	10.339	10.506	57.592	430.109	561.371	-4.408	-0.798	-4.333	-10.199	-2.167
7.79	431.215	58.511	10.216	10.377	57.584	430.214	561.947	-4.398	-0.787	-4.328	-10.194	-2.164
7.8	431.319	58.46	10.103	10.255	57.553	430.318	562.523	-4.393	-0.778	-4.323	-10.189	-2.162
7.81	431.421	58.388	9.99	10.129	57.503	430.42	563.098	-4.386	-0.768	-4.316	-10.184	-2.158
7.82	431.522	58.354	9.867	9.999	57.491	430.521	563.673	-4.375	-0.757	-4.309	-10.178	-2.155
7.83	431.622	58.3	9.754	9.877	57.457	430.621	564.248	-4.37	-0.747	-4.304	-10.174	-2.152
7.84	431.721	58.284	9.631	9.751	57.462	430.72	564.823	-4.362	-0.737	-4.301	-10.169	-2.15
7.85	431.818	58.248	9.518	9.632	57.447	430.817	565.398	-4.359	-0.728	-4.298	-10.164	-2.149
7.86	431.914	58.193	9.405	9.509	57.411	430.913	565.972	-4.354	-0.718	-4.293	-10.159	-2.147
7.87	432.009	58.177	9.282	9.384	57.415	431.008	566.546	-4.346	-0.708	-4.289	-10.154	-2.145
7.88	432.103	58.142	9.169	9.265	57.399	431.102	567.12	-4.343	-0.699	-4.287	-10.15	-2.143
7.89	432.195	58.089	9.056	9.143	57.365	431.194	567.694	-4.338	-0.69	-4.282	-10.145	-2.141
7.9	432.286	58.075	8.934	9.019	57.371	431.285	568.268	-4.33	-0.68	-4.278	-10.14	-2.139
7.91	432.376	58.043	8.82	8.9	57.357	431.375	568.842	-4.328	-0.671	-4.276	-10.135	-2.138
7.92	432.465	57.993	8.707	8.779	57.325	431.464	569.415	-4.323	-0.661	-4.272	-10.131	-2.136
7.93	432.553	57.926	8.594	8.656	57.276	431.552	569.988	-4.316	-0.652	-4.264	-10.126	-2.132
7.94	432.639	57.899	8.472	8.53	57.268	431.638	570.561	-4.306	-0.642	-4.259	-10.121	-2.129
7.95	432.724	57.855	8.358	8.41	57.241	431.723	571.134	-4.302	-0.632	-4.255	-10.116	-2.127
7.96	432.808	57.795	8.245	8.288	57.197	431.807	571.706	-4.296	-0.623	-4.248	-10.111	-2.124
7.97	432.891	57.775	8.123	8.164	57.196	431.89	572.278	-4.287	-0.613	-4.244	-10.106	-2.122
7.98	432.972	57.739	8.01	8.045	57.176	431.971	572.85	-4.284	-0.604	-4.241	-10.102	-2.12
7.99	433.052	57.687	7.896	7.925	57.14	432.051	573.422	-4.278	-0.595	-4.236	-10.097	-2.118
8.0	433.131	57.677	7.774	7.802	57.147	432.13	573.994	-4.271	-0.585	-4.232	-10.093	-2.116
8.01	433.209	57.651	7.661	7.686	57.137	432.208	574.566	-4.269	-0.576	-4.231	-10.088	-2.115
8.02	433.286	57.61	7.547	7.567	57.111	432.285	575.137	-4.265	-0.567	-4.227	-10.084	-2.113
8.03	433.361	57.554	7.434	7.446	57.07	432.36	575.708	-4.259	-0.558	-4.221	-10.079	-2.11
8.04	433.435	57.54	7.312	7.324	57.072	432.434	576.279	-4.251	-0.548	-4.217	-10.074	-2.108
8.05	433.508	57.512	7.199	7.207	57.059	432.507	576.85	-4.249	-0.54	-4.215	-10.07	-2.107
8.06	433.58	57.47	7.085	7.088	57.031	432.579	577.421	-4.245	-0.531	-4.211	-10.065	-2.105
8.07	433.651	57.414	6.971	6.968	56.989	432.65	577.991	-4.239	-0.521	-4.205	-10.061	-2.102
8.08	433.72	57.401	6.85	6.847	56.991	432.719	578.561	-4.23	-0.512	-4.201	-10.056	-2.1
8.09	433.788	57.374	6.737	6.73	56.978	432.787	579.131	-4.228	-0.503	-4.199	-10.052	-2.099
8.1	433.855	57.334	6.623	6.612	56.951	432.854	579.701	-4.224	-0.494	-4.195	-10.047	-2.097
8.11	433.921	57.281	6.509	6.493	56.912	432.92	580.27	-4.218	-0.485	-4.189	-10.043	-2.094
8.12	433.986	57.272	6.388	6.372	56.916	432.985	580.839	-4.211	-0.476	-4.185	-10.038	-2.093
8.13	434.05	57.25	6.274	6.257	56.907	433.049	581.408	-4.209	-0.467	-4.184	-10.034	-2.092
8.14	434.112	57.216	6.16	6.14	56.886	433.111	581.977	-4.206	-0.458	-4.181	-10.029	-2.09
8.15	434.173	57.17	6.046	6.022	56.852	433.172	582.546	-4.201	-0.45	-4.176	-10.025	-2.088
8.16	434.233	57.112	5.932	5.903	56.806	433.232	583.114	-4.194	-0.44	-4.169	-10.02	-2.085
8.17	434.292	57.099	5.812	5.782	56.806	433.291	583.682	-4.186	-0.431	-4.165	-10.016	-2.082
8.18	434.35	57.075	5.698	5.667	56.793	433.349	584.25	-4.184	-0.423	-4.163	-10.011	-2.082
8.19	434.407	57.04	5.584	5.55	56.769	433.406	584.818	-4.18	-0.414	-4.16	-10.007	-2.08
8.2	434.462	56.994	5.47	5.433	56.734	433.461	585.386	-4.175	-0.405	-4.154	-10.003	-2.077
8.21	434.516	56.937	5.356	5.314	56.688	433.515	585.953	-4.169	-0.396	-4.148	-9.998	-2.074
8.22	434.569	56.926	5.236	5.195	56.689	433.568	586.52	-4.16	-0.387	-4.144	-9.993	-2.072
8.23	434.621	56.905	5.122	5.08	56.678	433.62	587.087	-4.159	-0.378	-4.142	-9.989	-2.071
8.24	434.672	56.874	5.008	4.965	56.657	433.671	587.654	-4.156	-0.37	-4.139	-9.985	-2.069
8.25	434.721	56.833	4.894	4.848	56.626	433.72	588.22	-4.151	-0.361	-4.134	-9.981	-2.067
8.26	434.769	56.782	4.779	4.731	56.585	433.768	588.786	-4.145	-0.352	-4.129	-9.976	-2.064
8.27	434.816	56.779	4.66	4.613	56.591	433.815	589.352	-4.138	-0.343	-4.125	-9.972	-2.063
8.28	434.862	56.767	4.546	4.499	56.588	433.861	589.918	-4.137	-0.335	-4.125	-9.968	-2.062
8.29	434.907	56.746	4.432	4.385	56.576	433.906	590.484	-4.135	-0.327	-4.123	-9.963	-2.062
8.3	434.951	56.716	4.318	4.27	56.555	433.95	591.05	-4.132	-0.318	-4.12	-9.959	-2.06
8.31	434.994	56.678	4.203	4.154	56.525	433.993	591.615	-4.128	-0.31	-4.116	-9.955	-2.058
8.32	435.035	56.632	4.089	4.038	56.487	434.034	592.18	-4.123	-0.301	-4.11	-9.95	-2.055
8.33	435.075	56.578	3.974	3.921	56.442	434.074	592.745	-4.116	-0.292	-4.103	-9.946	-2.052
8.34	435.114	56.572	3.856	3.804	56.444	434.113	593.31	-4.108	-0.283	-4.1	-9.942	-2.05
8.35	435.152	56.559	3.742	3.691	56.438	434.151	593.875	-4.107	-0.275	-4.099	-9.938	-2.049
8.36	435.189	56.539	3.627	3.577	56.425	434.188	594.439	-4.105	-0.267	-4.097	-9.933	-2.049
8.37	435.225	56.512	3.513	3.463	56.405	434.224	595.003	-4.102	-0.258	-4.094	-9.929	-2.047
8.38	435.259	56.478	3.398	3.348	56.379	434.258	595.567	-4.098	-0.25	-4.09	-9.925	-2.045
8.39	435.292	56.437	3.284	3.233	56.345	434.291	596.131	-4.093	-0.242	-4.085	-9.921	-2.043
8.4	435.324	56.39	3.169	3.118	56.304	434.323	596.694	-4.088	-0.233	-4.079	-9.916	-2.04
8.41	435.355	56.337	3.055	3.002	56.257	434.354	597.257	-4.081	-0.224	-4.073	-9.912	-2.036
8.42	435.385	56.334	2.937	2.887	56.26	434.384	597.82	-4.073	-0.216	-4.069	-9.908	-2.034
8.43	435.414	56.326	2.823	2.774	56.257	434.413	598.383	-4.073	-0.208	-4.069	-9.904	-2.034
8.44	435.442	56.312	2.708	2.661	56.249	434.441	598.946	-4.071	-0.2	-4.067	-9.9	-2.034
8.45	435.468	56.293	2.594	2.548	56.235	434.467	599.509	-4.069	-0.191	-4.065	-9.896	-2.033
8.46	435.493	56.269	2.479	2.434	56.216	434.492	600.071	-4.067	-0.183	-4.063	-9.892	-2.031
8.47	435.517	56.24	2.365	2.321	56.192	434.516	600.633	-4.063	-0.175	-4.059	-9.887	-2.03
8.48	435.54	56.207	2.25	2.207	56.163	434.539	601.195	-4.059	-0.166	-4.055	-9.883	-2.027
8.49	435.562	56.17	2.136	2.093	56.131	434.561	601.757	-4.054	-0.158	-4.05	-9.879	-2.025
8.5	435.583	56.129	2.021	1.98	56.094	434.582	602.318	-4.049	-0.15	-4.045	-9.875	-2.022
8.51	435.603	56.084	1.906	1.866	56.053	434.602	602.879	-4.043	-0.142	-4.039	-9.871	-2.019
8.52	435.622	56.035	1.792	1.752	56.008	434.621	603.439	-4.037	-0.133	-4.033	-9.867	-2.016
8.53	435.639	56.039	1.675	1.638	56.015	434.638	603.999	-4.03	-0.125	-4.03	-9.862	-2.015
8.54	435.655	56.04	1.561	1.527	56.019	434.654	604.559	-4.03	-0.117	-4.03	-9.858	-2.015
8.55	435.67	56.038	1.446	1.415	56.02	434.669	605.119	-4.03	-0.109	-4.03	-9.854	-2.015
8.56	435.684	56.033	1.332	1.302	56.018	434.683	605.679	-4.03	-0.101	-4.03	-9.85	-2.015
8.57	435.697	56.025	1.217	1.19	56.013	434.696	606.239	-4.029	-0.093	-4.029	-9.846	-2.015
8.58	435.709	56.015	1.103	1.078	56.005	434.708	606.799	-4.028	-0.085	-4.028	-9.842	-2.014
8.59	435.72	56.003	0.988	0.966	55.995	434.719	607.359	-4.027	-0.077	-4.027	-9.838	-2.013
8.6	435.73	55.989	0.874	0.854	55.983	434.729	607.919	-4.025	-0.068	-4.025	-9.834	-2.012
8.61	435.738	55.974	0.759	0.742	55.969	434.737	608.479	-4.023	-0.06	-4.023	-9.83	-2.011
8.62	435.745	55.957	0.644	0.629	55.954	434.744	609.039	-4.021	-0.052	-4.021	-9.826	-2.01
8.63	435.751	55.939	0.53	0.517	55.937	434.75	609.599	-4.018	-0.044	-4.018	-9.822	-2.009
8.64	435.756	55.92	0.415	0.405	55.919	434.755	610.158	-4.016	-0.036	-4.016	-9.818	-2.008
8.65	435.76	55.901	0.301	0.293	55.9	434.759	610.717	-4.013	-0.028	-4.013	-9.814	-2.006
8.66	435.763	55.881	0.186	0.181	55.881	434.762	611.276	-4.01	-0.02	-4.01	-9.81	-2.005
8.67	435.765	55.861	0.071	0.07	55.861	434.764	611.835	-4.007	-0.012	-4.007	-9.806	-2.004
8.68	435.766	55.841	-0.043	-0.042	55.841	434.765	612.394	-4.005	-0.004	-4.005	-9.802	-2.002
8.69	435.765	55.821	-0.158	-0.154	55.821	434.764	612.952	-4.002	0.004	-4.002	-9.798	-2.001
8.7	435.763	55.802	-0.273	-0.265	55.801	434.762	613.51	-3.999	0.012	-3.999	-9.794	-1.999
8.71	435.76	55.783	-0.387	-0.377	55.782	434.759	614.068	-3.996	0.02	-3.996	-9.79	-1.998
8.72	435.756	55.765	-0.502	-0.488	55.763	434.755	614.626	-3.993	0.028	-3.993	-9.786	-1.997
8.73	435.751	55.748	-0.616	-0.6	55.745	434.75	615.184	-3.991	0.036	-3.991	-9.782	-1.995
8.74	435.745	55.733	-0.731	-0.711	55.728	434.744	615.741	-3.988	0.044	-3.988	-9.778	-1.994
8.75	435.738	55.719	-0.846	-0.822	55.713	434.737	616.298	-3.986	0.052	-3.986	-9.774	-1.993
8.76	435.73	55.707	-0.96	-0.933	55.699	434.729	616.855	-3.984	0.06	-3.984	-9.77	-1.992
8.77	435.721	55.697	-1.075	-1.045	55.687	434.72	617.412	-3.982	0.068	-3.982	-9.766	-1.991
8.78	435.71	55.689	-1.189	-1.156	55.677	434.709	617.969	-3.981	0.076	-3.981	-9.762	-1.991
8.79	435.698	55.684	-1.304	-1.267	55.669	434.697	618.526	-3.98	0.084	-3.98	-9.758	-1.99
8.8	435.685	55.681	-1.418	-1.378	55.664	434.684	619.083	-3.979	0.092	-3.979	-9.754	-1.99
8.81	435.671	55.681	-1.533	-1.49	55.661	434.67	619.64	-3.979	0.099	-3.979	-9.75	-1.989
8.82	435.656	55.684	-1.647	-1.601	55.661	434.655	620.197	-3.979	0.107	-3.979	-9.746	-1.989
8.83	435.64	55.69	-1.762	-1.712	55.664	434.639	620.754	-3.979	0.115	-3.979	-9.742	-1.99
8.84	435.623	55.7	-1.876	-1.824	55.67	434.622	621.311	-3.98	0.123	-3.98	-9.738	-1.99
8.85	435.605	55.658	-1.993	-1.935	55.624	434.604	621.867	-3.981	0.131	-3.977	-9.734	-1.989
8.86	435.586	55.62	-2.107	-2.045	55.582	434.585	622.423	-3.975	0.139	-3.971	-9.73	-1.986
8.87	435.565	55.586	-2.222	-2.155	55.545	434.564	622.979	-3.97	0.147	-3.966	-9.727	-1.983
8.88	435.543	55.557	-2.337	-2.265	55.511	434.542	623.534	-3.965	0.155	-3.961	-9.723	-1.981
8.89	435.52	55.532	-2.451	-2.375	55.482	434.519	624.089	-3.961	0.162	-3.957	-9.719	-1.979
8.9	435.496	55.512	-2.566	-2.485	55.457	434.495	624.644	-3.957	0.17	-3.954	-9.715	-1.977
8.91	435.471	55.497	-2.68	-2.595	55.437	434.47	625.199	-3.955	0.178	-3.951	-9.711	-1.975
8.92	435.445	55.488	-2.795	-2.705	55.422	434.444	625.753	-3.952	0.186	-3.949	-9.707	-1.974
8.93	435.418	55.484	-2.909	-2.816	55.413	434.417	626.307	-3.951	0.194	-3.947	-9.703	-1.974
8.94	435.39	55.486	-3.024	-2.927	55.409	434.389	626.861	-3.951	0.201	-3.947	-9.699	-1.973
8.95	435.361	55.494	-3.138	-3.038	55.411	434.36	627.415	-3.951	0.209	-3.947	-9.695	-1.973
8.96	435.33	55.508	-3.252	-3.149	55.419	434.329	627.969	-3.952	0.217	-3.948	-9.691	-1.974
8.97	435.298	55.473	-3.37	-3.261	55.377	434.297	628.523	-3.954	0.225	-3.946	-9.687	-1.973
8.98	435.265	55.445	-3.484	-3.37	55.342	434.264	629.077	-3.949	0.233	-3.941	-9.684	-1.971
8.99	435.231	55.424	-3.599	-3.479	55.314	434.23	629.63	-3.945	0.241	-3.937	-9.68	-1.969
9.0	435.196	55.41	-3.713	-3.588	55.293	434.195	630.183	-3.942	0.248	-3.934	-9.676	-1.967
9.01	435.16	55.403	-3.828	-3.698	55.28	434.159	630.736	-3.94	0.256	-3.932	-9.672	-1.966
9.02	435.123	55.404	-3.942	-3.809	55.273	434.122	631.289	-3.939	0.264	-3.931	-9.668	-1.966
9.03	435.085	55.412	-4.056	-3.92	55.274	434.084	631.842	-3.939	0.272	-3.931	-9.664	-1.966
9.04	435.046	55.373	-4.175	-4.031	55.226	434.045	632.394	-3.94	0.28	-3.929	-9.66	-1.964
9.05	435.006	55.342	-4.289	-4.139	55.187	434.005	632.946	-3.935	0.287	-3.923	-9.656	-1.962
9.06	434.964	55.32	-4.403	-4.247	55.156	433.963	633.498	-3.93	0.295	-3.919	-9.653	-1.959
9.07	434.921	55.306	-4.518	-4.356	55.134	433.92	634.05	-3.927	0.302	-3.916	-9.649	-1.958
9.08	434.877	55.301	-4.632	-4.466	55.121	433.876	634.601	-3.925	0.31	-3.914	-9.645	-1.957
9.09	434.832	55.305	-4.746	-4.576	55.116	433.831	635.152	-3.925	0.318	-3.913	-9.641	-1.956
9.1	434.786	55.318	-4.86	-4.687	55.12	433.785	635.703	-3.925	0.326	-3.913	-9.637	-1.957
9.11	434.739	55.286	-4.979	-4.798	55.077	433.738	636.254	-3.927	0.334	-3.911	-9.633	-1.956
9.12	434.691	55.264	-5.093	-4.906	55.045	433.69	636.805	-3.922	0.341	-3.907	-9.629	-1.953
9.13	434.642	55.251	-5.207	-5.015	55.023	433.641	637.355	-3.919	0.349	-3.904	-9.626	-1.952
9.14	434.592	55.249	-5.322	-5.124	55.01	433.591	637.905	-3.918	0.356	-3.902	-9.622	-1.951
9.15	434.541	55.257	-5.436	-5.234	55.008	433.54	638.455	-3.917	0.364	-3.902	-9.618	-1.951
9.16	434.489	55.276	-5.55	-5.346	55.016	433.488	639.005	-3.918	0.372	-3.903	-9.614	-1.951
9.17	434.435	55.25	-5.669	-5.458	54.98	433.434	639.555	-3.921	0.38	-3.901	-9.61	-1.951
9.18	434.38	55.235	-5.783	-5.566	54.954	433.379	640.105	-3.917	0.388	-3.898	-9.606	-1.949
9.19	434.324	55.232	-5.897	-5.675	54.939	433.323	640.655	-3.915	0.395	-3.896	-9.602	-1.948
9.2	434.267	55.24	-6.011	-5.785	54.936	433.266	641.205	-3.915	0.403	-3.895	-9.598	-1.948
9.21	434.209	55.26	-6.125	-5.896	54.944	433.208	641.755	-3.916	0.411	-3.896	-9.594	-1.948
9.22	434.15	55.237	-6.245	-6.009	54.909	433.149	642.304	-3.919	0.419	-3.895	-9.59	-1.948
9.23	434.09	55.226	-6.359	-6.117	54.886	433.089	642.853	-3.916	0.427	-3.892	-9.587	-1.946
9.24	434.029	55.227	-6.473	-6.226	54.875	433.028	643.402	-3.914	0.434	-3.891	-9.583	-1.945
9.25	433.967	55.241	-6.587	-6.336	54.876	432.966	643.951	-3.914	0.442	-3.891	-9.579	-1.945
9.26	433.903	55.213	-6.707	-6.448	54.835	432.902	644.5	-3.916	0.45	-3.889	-9.575	-1.944
9.27	433.838	55.198	-6.821	-6.556	54.807	432.837	645.048	-3.912	0.458	-3.885	-9.571	-1.942
9.28	433.772	55.196	-6.935	-6.664	54.792	432.771	645.596	-3.91	0.465	-3.883	-9.567	-1.941
9.29	433.705	55.207	-7.048	-6.774	54.79	432.704	646.144	-3.91	0.473	-3.882	-9.563	-1.941
9.3	433.637	55.177	-7.169	-6.886	54.746	432.636	646.692	-3.911	0.481	-3.88	-9.559	-1.94
9.31	433.568	55.161	-7.283	-6.993	54.716	432.567	647.239	-3.907	0.488	-3.876	-9.556	-1.938
9.32	433.498	55.159	-7.397	-7.101	54.7	432.497	647.786	-3.905	0.496	-3.874	-9.552	-1.937
9.33	433.427	55.172	-7.51	-7.211	54.698	432.426	648.333	-3.904	0.504	-3.873	-9.548	-1.937
9.34	433.355	55.144	-7.631	-7.323	54.656	432.354	648.88	-3.906	0.512	-3.871	-9.544	-1.936
9.35	433.282	55.131	-7.745	-7.43	54.628	432.281	649.426	-3.902	0.519	-3.867	-9.54	-1.934
9.36	433.208	55.133	-7.858	-7.538	54.615	432.207	649.972	-3.901	0.527	-3.865	-9.537	-1.933
9.37	433.132	55.15	-7.972	-7.649	54.617	432.131	650.518	-3.901	0.534	-3.866	-9.533	-1.933
9.38	433.055	55.128	-8.093	-7.761	54.579	432.054	651.064	-3.903	0.543	-3.864	-9.529	-1.932
9.39	432.977	55.122	-8.207	-7.868	54.557	431.976	651.61	-3.9	0.55	-3.861	-9.525	-1.931
9.4	432.898	55.132	-8.32	-7.978	54.551	431.897	652.156	-3.899	0.558	-3.86	-9.521	-1.93
9.41	432.818	55.103	-8.442	-8.089	54.506	431.817	652.701	-3.901	0.566	-3.858	-9.517	-1.929
9.42	432.737	55.091	-8.555	-8.195	54.478	431.736	653.246	-3.897	0.573	-3.854	-9.514	-1.927
9.43	432.655	55.095	-8.668	-8.304	54.466	431.654	653.791	-3.895	0.58	-3.852	-9.51	-1.926
9.44	432.572	55.116	-8.782	-8.414	54.47	431.571	654.336	-3.895	0.588	-3.853	-9.506	-1.926
9.45	432.488	55.099	-8.904	-8.528	54.435	431.487	654.881	-3.898	0.596	-3.852	-9.502	-1.926
9.46	432.403	55.099	-9.017	-8.635	54.419	431.402	655.425	-3.896	0.604	-3.849	-9.498	-1.925
9.47	432.316	55.117	-9.13	-8.745	54.419	431.315	655.969	-3.896	0.612	-3.849	-9.494	-1.925
9.48	432.228	55.098	-9.252	-8.859	54.381	431.227	656.513	-3.899	0.62	-3.848	-9.49	-1.924
9.49	432.139	55.097	-9.365	-8.966	54.362	431.138	657.057	-3.896	0.627	-3.845	-9.486	-1.923
9.5	432.049	55.114	-9.478	-9.076	54.362	431.048	657.601	-3.896	0.635	-3.845	-9.482	-1.923
9.51	431.958	55.095	-9.601	-9.189	54.323	430.957	658.144	-3.898	0.643	-3.844	-9.478	-1.922
9.52	431.866	55.094	-9.714	-9.296	54.304	430.865	658.687	-3.895	0.651	-3.841	-9.475	-1.92
9.53	431.773	55.112	-9.826	-9.406	54.303	430.772	659.23	-3.895	0.658	-3.841	-9.471	-1.92
9.54	431.679	55.095	-9.949	-9.519	54.266	430.678	659.773	-3.898	0.667	-3.839	-9.467	-1.92
9.55	431.584	55.097	-10.062	-9.626	54.249	430.583	660.316	-3.895	0.674	-3.837	-9.463	-1.919
9.56	431.488	55.118	-10.175	-9.737	54.251	430.487	660.859	-3.896	0.682	-3.837	-9.459	-1.919
9.57	431.39	55.105	-10.297	-9.85	54.217	430.389	661.401	-3.899	0.69	-3.836	-9.455	-1.918
9.58	431.291	55.111	-10.41	-9.958	54.204	430.29	661.943	-3.897	0.698	-3.835	-9.451	-1.917
9.59	431.191	55.137	-10.523	-10.07	54.21	430.19	662.485	-3.898	0.705	-3.835	-9.447	-1.918
9.6	431.09	55.129	-10.646	-10.185	54.18	430.089	663.027	-3.901	0.714	-3.835	-9.443	-1.918
9.61	430.988	55.142	-10.758	-10.293	54.173	429.987	663.569	-3.9	0.722	-3.834	-9.439	-1.917
9.62	430.885	55.121	-10.882	-10.406	54.13	429.884	664.11	-3.902	0.73	-3.832	-9.435	-1.916
9.63	430.781	55.121	-10.994	-10.512	54.11	429.78	664.651	-3.899	0.737	-3.829	-9.432	-1.914
9.64	430.676	55.142	-11.107	-10.622	54.11	429.675	665.192	-3.899	0.745	-3.829	-9.428	-1.914
9.65	430.57	55.131	-11.23	-10.737	54.075	429.569	665.733	-3.902	0.753	-3.828	-9.423	-1.914
9.66	430.462	55.141	-11.342	-10.845	54.064	429.461	666.274	-3.901	0.761	-3.826	-9.42	-1.913
9.67	430.353	55.119	-11.466	-10.957	54.019	429.352	666.814	-3.902	0.769	-3.824	-9.416	-1.912
9.68	430.243	55.119	-11.578	-11.063	53.998	429.242	667.354	-3.899	0.776	-3.821	-9.412	-1.91
9.69	430.132	55.141	-11.69	-11.173	53.998	429.131	667.894	-3.899	0.784	-3.821	-9.408	-1.91
9.7	430.02	55.132	-11.814	-11.288	53.964	429.019	668.434	-3.902	0.792	-3.82	-9.404	-1.91
9.71	429.907	55.146	-11.926	-11.396	53.955	428.906	668.974	-3.901	0.8	-3.819	-9.4	-1.909
9.72	429.793	55.128	-12.05	-11.509	53.914	428.792	669.513	-3.903	0.808	-3.817	-9.396	-1.908
9.73	429.678	55.134	-12.162	-11.616	53.896	428.677	670.052	-3.9	0.815	-3.814	-9.392	-1.907
9.74	429.562	55.163	-12.274	-11.727	53.902	428.561	670.591	-3.901	0.823	-3.815	-9.388	-1.908
9.75	429.445	55.162	-12.398	-11.844	53.875	428.444	671.13	-3.905	0.832	-3.815	-9.384	-1.908
9.76	429.326	55.184	-12.51	-11.954	53.874	428.325	671.669	-3.905	0.84	-3.815	-9.38	-1.908
9.77	429.206	55.177	-12.634	-12.069	53.841	428.205	672.208	-3.908	0.848	-3.814	-9.376	-1.907
9.78	429.085	55.194	-12.746	-12.177	53.834	428.084	672.747	-3.907	0.856	-3.813	-9.372	-1.907
9.79	428.963	55.181	-12.87	-12.292	53.795	427.962	673.285	-3.909	0.864	-3.812	-9.368	-1.906
9.8	428.84	55.193	-12.982	-12.399	53.782	427.839	673.823	-3.908	0.871	-3.81	-9.364	-1.905
9.81	428.716	55.176	-13.107	-12.512	53.739	427.715	674.361	-3.909	0.88	-3.808	-9.36	-1.904
9.82	428.591	55.184	-13.218	-12.619	53.722	427.59	674.898	-3.907	0.887	-3.805	-9.357	-1.903
9.83	428.465	55.218	-13.33	-12.731	53.73	427.464	675.435	-3.908	0.895	-3.806	-9.353	-1.903
9.84	428.337	55.224	-13.454	-12.849	53.708	427.336	675.972	-3.913	0.904	-3.807	-9.348	-1.904
9.85	428.208	55.255	-13.566	-12.961	53.714	427.207	676.509	-3.914	0.912	-3.808	-9.344	-1.904
9.86	428.078	55.259	-13.69	-13.078	53.689	427.077	677.046	-3.918	0.921	-3.808	-9.34	-1.904
9.87	427.947	55.289	-13.802	-13.19	53.693	426.946	677.583	-3.919	0.929	-3.809	-9.336	-1.904
9.88	427.815	55.292	-13.926	-13.307	53.667	426.814	678.12	-3.923	0.938	-3.809	-9.331	-1.905
9.89	427.682	55.322	-14.038	-13.419	53.669	426.681	678.657	-3.923	0.946	-3.81	-9.327	-1.905
9.9	427.548	55.325	-14.162	-13.536	53.643	426.547	679.194	-3.928	0.954	-3.81	-9.323	-1.905
9.91	427.412	55.355	-14.273	-13.648	53.646	426.411	679.731	-3.928	0.962	-3.81	-9.319	-1.905
9.92	427.275	55.359	-14.399	-13.766	53.62	426.274	680.267	-3.932	0.971	-3.81	-9.314	-1.905
9.93	427.137	55.39	-14.509	-13.877	53.624	426.136	680.803	-3.933	0.979	-3.811	-9.31	-1.905
9.94	426.998	55.396	-14.635	-13.996	53.598	425.997	681.339	-3.937	0.988	-3.811	-9.306	-1.906
9.95	426.858	55.43	-14.745	-14.108	53.604	425.857	681.875	-3.938	0.996	-3.812	-9.302	-1.906
9.96	426.717	55.439	-14.871	-14.228	53.582	425.716	682.411	-3.943	1.005	-3.813	-9.297	-1.906
9.97	426.575	55.476	-14.981	-14.341	53.59	425.574	682.947	-3.944	1.014	-3.814	-9.293	-1.907
9.98	426.432	55.474	-15.051	-14.406	53.571	425.431	683.483	-3.95	1.019	-3.815	-9.291	-1.908
9.99	426.288	55.501	-15.162	-14.516	53.569	425.287	684.019	-3.949	1.027	-3.815	-9.287	-1.907
10.0	426.143	55.503	-15.287	-14.634	53.539	425.142	684.555	-3.953	1.036	-3.815	-9.282	-1.907
10.01	425.996	55.535	-15.398	-14.746	53.541	424.995	685.091	-3.953	1.044	-3.815	-9.278	-1.907
