t_resolution                            - 0.01
accuracy                                - 3

u                                       - 150.0
density                                 - 1.225
C                                       - 1.47
r                                       - 0.0213
start_angle                             - 45.0
start_height                            - 1.0
m                                       - 10.0
g_acceleration                          - -9.8

t	s	v	angle	v_vertical	v_horizontal	s_vertical	s_horizontal	air_resistance	air_resistance_vertical	air_resistance_horizontal	acceleration_vertical	acceleration_horizontal
0	1.0	150.0	45.0	106.05	106.05	0.0	0.0	-	-	-	-	-
0.01	2.061	149.879	44.974	105.932	106.03	1.06	1.06	-28.875	-20.414	-20.414	-11.841	-2.041
0.02	3.121	149.758	44.973	105.846	105.944	2.12	2.12	-28.828	-20.381	-20.381	-11.838	-2.038
0.03	4.18	149.637	44.973	105.761	105.859	3.179	3.179	-28.781	-20.348	-20.348	-11.835	-2.035
0.04	5.238	149.516	44.973	105.675	105.773	4.237	4.237	-28.735	-20.316	-20.316	-11.832	-2.032
0.05	6.295	149.395	44.973	105.59	105.688	5.294	5.294	-28.689	-20.283	-20.283	-11.828	-2.028
0.06	7.351	149.275	44.973	105.504	105.602	6.35	6.35	-28.642	-20.25	-20.25	-11.825	-2.025
0.07	8.406	149.155	44.973	105.419	105.517	7.405	7.405	-28.596	-20.217	-20.217	-11.822	-2.022
0.08	9.461	149.035	44.973	105.334	105.432	8.46	8.46	-28.55	-20.185	-20.185	-11.818	-2.018
0.09	10.515	148.915	44.973	105.25	105.348	9.514	9.514	-28.504	-20.152	-20.152	-11.815	-2.015
0.1	11.568	148.795	44.973	105.165	105.263	10.567	10.567	-28.458	-20.12	-20.12	-11.812	-2.012
0.11	12.62	148.675	44.973	105.08	105.178	11.619	11.619	-28.412	-20.088	-20.088	-11.809	-2.009
0.12	13.671	148.555	44.973	104.995	105.093	12.67	12.67	-28.367	-20.055	-20.055	-11.806	-2.006
0.13	14.721	148.435	44.973	104.91	105.008	13.72	13.72	-28.321	-20.023	-20.023	-11.802	-2.002
0.14	15.77	148.315	44.973	104.826	104.924	14.769	14.769	-28.275	-19.991	-19.991	-11.799	-1.999
0.15	16.819	148.195	44.973	104.741	104.839	15.818	15.818	-28.229	-19.958	-19.958	-11.796	-1.996
0.16	17.867	148.075	44.973	104.656	104.754	16.866	16.866	-28.184	-19.926	-19.926	-11.793	-1.993
0.17	18.914	147.955	44.973	104.571	104.669	17.913	17.913	-28.138	-19.894	-19.894	-11.789	-1.989
0.18	19.96	147.835	44.973	104.486	104.584	18.959	18.959	-28.093	-19.861	-19.861	-11.786	-1.986
0.19	21.005	147.715	44.973	104.402	104.5	20.004	20.004	-28.047	-19.829	-19.829	-11.783	-1.983
0.2	22.049	147.595	44.973	104.317	104.415	21.048	21.048	-28.002	-19.797	-19.797	-11.78	-1.98
0.21	23.092	147.475	44.973	104.232	104.33	22.091	22.091	-27.956	-19.765	-19.765	-11.776	-1.976
0.22	24.135	147.356	44.973	104.147	104.245	23.134	23.134	-27.911	-19.733	-19.733	-11.773	-1.973
0.23	25.177	147.237	44.973	104.063	104.161	24.176	24.176	-27.866	-19.701	-19.701	-11.77	-1.97
0.24	26.218	147.118	44.973	103.979	104.077	25.217	25.217	-27.821	-19.669	-19.669	-11.767	-1.967
0.25	27.258	146.999	44.973	103.895	103.993	26.257	26.257	-27.776	-19.637	-19.637	-11.764	-1.964
0.26	28.297	146.88	44.973	103.811	103.909	27.296	27.296	-27.731	-19.606	-19.606	-11.761	-1.961
0.27	29.335	146.761	44.973	103.727	103.825	28.334	28.334	-27.686	-19.574	-19.574	-11.757	-1.957
0.28	30.373	146.642	44.973	103.642	103.74	29.372	29.372	-27.641	-19.542	-19.542	-11.754	-1.954
0.29	31.41	146.523	44.973	103.558	103.656	30.409	30.409	-27.596	-19.511	-19.511	-11.751	-1.951
0.3	32.446	146.404	44.973	103.474	103.572	31.445	31.445	-27.551	-19.479	-19.479	-11.748	-1.948
0.31	33.481	146.285	44.973	103.39	103.488	32.48	32.48	-27.507	-19.447	-19.447	-11.745	-1.945
0.32	34.515	146.166	44.973	103.306	103.404	33.514	33.514	-27.462	-19.416	-19.416	-11.742	-1.942
0.33	35.548	146.047	44.973	103.222	103.32	34.547	34.547	-27.417	-19.384	-19.384	-11.738	-1.938
0.34	36.581	145.928	44.973	103.138	103.236	35.58	35.58	-27.373	-19.353	-19.353	-11.735	-1.935
0.35	37.613	145.809	44.973	103.054	103.152	36.612	36.612	-27.328	-19.321	-19.321	-11.732	-1.932
0.36	38.644	145.69	44.973	102.97	103.068	37.643	37.643	-27.284	-19.289	-19.289	-11.729	-1.929
0.37	39.674	145.571	44.973	102.886	102.984	38.673	38.673	-27.239	-19.258	-19.258	-11.726	-1.926
0.38	40.703	145.453	44.973	102.801	102.899	39.702	39.702	-27.195	-19.227	-19.227	-11.723	-1.923
0.39	41.731	145.335	44.973	102.718	102.816	40.73	40.73	-27.151	-19.195	-19.195	-11.72	-1.92
0.4	42.759	145.217	44.973	102.635	102.733	41.758	41.758	-27.106	-19.164	-19.164	-11.716	-1.916
0.41	43.786	145.099	44.973	102.551	102.649	42.785	42.785	-27.062	-19.133	-19.133	-11.713	-1.913
0.42	44.812	144.981	44.973	102.468	102.566	43.811	43.811	-27.019	-19.102	-19.102	-11.71	-1.91
0.43	45.837	144.863	44.973	102.384	102.482	44.836	44.836	-26.975	-19.071	-19.071	-11.707	-1.907
0.44	46.861	144.745	44.973	102.301	102.399	45.86	45.86	-26.931	-19.04	-19.04	-11.704	-1.904
0.45	47.884	144.627	44.973	102.218	102.316	46.883	46.883	-26.887	-19.009	-19.009	-11.701	-1.901
0.46	48.907	144.509	44.973	102.134	102.232	47.906	47.906	-26.843	-18.978	-18.978	-11.698	-1.898
0.47	49.929	144.391	44.973	102.051	102.149	48.928	48.928	-26.799	-18.947	-18.947	-11.695	-1.895
0.48	50.95	144.273	44.972	101.968	102.066	49.949	49.949	-26.755	-18.916	-18.916	-11.692	-1.892
0.49	51.97	144.155	44.972	101.884	101.982	50.969	50.969	-26.712	-18.885	-18.885	-11.689	-1.889
0.5	52.989	144.037	44.972	101.801	101.899	51.988	51.988	-26.668	-18.854	-18.854	-11.685	-1.885
0.51	54.007	143.919	44.972	101.717	101.815	53.006	53.006	-26.624	-18.823	-18.823	-11.682	-1.882
0.52	55.025	143.801	44.972	101.634	101.732	54.024	54.024	-26.581	-18.793	-18.793	-11.679	-1.879
0.53	56.042	143.683	44.972	101.551	101.649	55.041	55.041	-26.537	-18.762	-18.762	-11.676	-1.876
0.54	57.058	143.566	44.972	101.467	101.565	56.057	56.057	-26.494	-18.731	-18.731	-11.673	-1.873
0.55	58.073	143.449	44.972	101.384	101.482	57.072	57.072	-26.451	-18.701	-18.701	-11.67	-1.87
0.56	59.087	143.332	44.972	101.302	101.4	58.086	58.086	-26.408	-18.67	-18.67	-11.667	-1.867
0.57	60.1	143.215	44.972	101.219	101.317	59.099	59.099	-26.364	-18.64	-18.64	-11.664	-1.864
0.58	61.113	143.098	44.972	101.136	101.234	60.112	60.112	-26.321	-18.609	-18.609	-11.661	-1.861
0.59	62.125	142.981	44.972	101.054	101.152	61.124	61.124	-26.278	-18.579	-18.579	-11.658	-1.858
0.6	63.136	142.864	44.972	100.971	101.069	62.135	62.135	-26.235	-18.548	-18.548	-11.655	-1.855
0.61	64.146	142.747	44.972	100.888	100.986	63.145	63.145	-26.193	-18.518	-18.518	-11.652	-1.852
0.62	65.155	142.63	44.972	100.806	100.904	64.154	64.154	-26.15	-18.488	-18.488	-11.649	-1.849
0.63	66.163	142.513	44.972	100.723	100.821	65.162	65.162	-26.107	-18.458	-18.458	-11.646	-1.846
0.64	67.171	142.396	44.972	100.64	100.738	66.17	66.17	-26.064	-18.427	-18.427	-11.643	-1.843
0.65	68.178	142.279	44.972	100.558	100.656	67.177	67.177	-26.021	-18.397	-18.397	-11.64	-1.84
0.66	69.184	142.162	44.972	100.475	100.573	68.183	68.183	-25.979	-18.367	-18.367	-11.637	-1.837
0.67	70.189	142.045	44.972	100.392	100.49	69.188	69.188	-25.936	-18.337	-18.337	-11.634	-1.834
0.68	71.193	141.928	44.972	100.31	100.408	70.192	70.192	-25.893	-18.306	-18.306	-11.631	-1.831
0.69	72.196	141.811	44.972	100.227	100.325	71.195	71.195	-25.85	-18.276	-18.276	-11.628	-1.828
0.7	73.199	141.695	44.972	100.144	100.242	72.198	72.198	-25.808	-18.246	-18.246	-11.625	-1.825
0.71	74.201	141.579	44.972	100.062	100.16	73.2	73.2	-25.766	-18.216	-18.216	-11.622	-1.822
0.72	75.202	141.463	44.972	99.98	100.078	74.201	74.201	-25.724	-18.187	-18.187	-11.619	-1.819
0.73	76.202	141.347	44.972	99.898	99.996	75.201	75.201	-25.681	-18.157	-18.157	-11.616	-1.816
0.74	77.201	141.231	44.972	99.816	99.914	76.2	76.2	-25.639	-18.127	-18.127	-11.613	-1.813
0.75	78.2	141.115	44.972	99.734	99.832	77.199	77.199	-25.597	-18.097	-18.097	-11.61	-1.81
0.76	79.198	140.999	44.972	99.652	99.75	78.197	78.197	-25.555	-18.068	-18.068	-11.607	-1.807
0.77	80.195	140.883	44.972	99.57	99.668	79.194	79.194	-25.513	-18.038	-18.038	-11.604	-1.804
0.78	81.191	140.767	44.972	99.488	99.586	80.19	80.19	-25.471	-18.008	-18.008	-11.601	-1.801
0.79	82.186	140.651	44.972	99.406	99.504	81.185	81.185	-25.429	-17.979	-17.979	-11.598	-1.798
0.8	83.18	140.535	44.972	99.324	99.422	82.179	82.179	-25.387	-17.949	-17.949	-11.595	-1.795
0.81	84.174	140.419	44.972	99.242	99.34	83.173	83.173	-25.346	-17.919	-17.919	-11.592	-1.792
0.82	85.167	140.303	44.972	99.16	99.258	84.166	84.166	-25.304	-17.89	-17.89	-11.589	-1.789
0.83	86.159	140.187	44.972	99.078	99.176	85.158	85.158	-25.262	-17.86	-17.86	-11.586	-1.786
0.84	87.15	140.071	44.972	98.996	99.094	86.149	86.149	-25.22	-17.831	-17.831	-11.583	-1.783
0.85	88.14	139.955	44.972	98.914	99.012	87.139	87.139	-25.178	-17.801	-17.801	-11.58	-1.78
0.86	89.129	139.839	44.972	98.832	98.93	88.128	88.128	-25.137	-17.772	-17.772	-11.577	-1.777
0.87	90.118	139.724	44.972	98.75	98.848	89.117	89.117	-25.095	-17.742	-17.742	-11.574	-1.774
0.88	91.106	139.609	44.972	98.669	98.767	90.105	90.105	-25.054	-17.713	-17.713	-11.571	-1.771
0.89	92.093	139.494	44.972	98.588	98.686	91.092	91.092	-25.013	-17.684	-17.684	-11.568	-1.768
0.9	93.079	139.379	44.972	98.507	98.605	92.078	92.078	-24.971	-17.655	-17.655	-11.565	-1.765
0.91	94.064	139.264	44.971	98.425	98.523	93.063	93.063	-24.93	-17.626	-17.626	-11.563	-1.763
0.92	95.049	139.149	44.971	98.344	98.442	94.048	94.048	-24.889	-17.597	-17.597	-11.56	-1.76
0.93	96.033	139.034	44.971	98.263	98.361	95.032	95.032	-24.848	-17.568	-17.568	-11.557	-1.757
0.94	97.016	138.919	44.971	98.181	98.279	96.015	96.015	-24.807	-17.539	-17.539	-11.554	-1.754
0.95	97.998	138.804	44.971	98.1	98.198	96.997	96.997	-24.766	-17.51	-17.51	-11.551	-1.751
0.96	98.979	138.689	44.971	98.019	98.117	97.978	97.978	-24.725	-17.481	-17.481	-11.548	-1.748
0.97	99.96	138.574	44.971	97.938	98.036	98.959	98.959	-24.684	-17.452	-17.452	-11.545	-1.745
0.98	100.94	138.459	44.971	97.856	97.954	99.939	99.939	-24.643	-17.423	-17.423	-11.542	-1.742
0.99	101.919	138.344	44.971	97.775	97.873	100.918	100.918	-24.602	-17.394	-17.394	-11.539	-1.739
1.0	102.897	138.229	44.971	97.694	97.792	101.896	101.896	-24.561	-17.365	-17.365	-11.536	-1.736
1.01	103.874	138.114	44.971	97.613	97.711	102.873	102.873	-24.521	-17.336	-17.336	-11.534	-1.734
1.02	104.85	137.999	44.971	97.531	97.629	103.849	103.849	-24.48	-17.307	-17.307	-11.531	-1.731
1.03	105.826	137.884	44.971	97.45	97.548	104.825	104.825	-24.439	-17.278	-17.278	-11.528	-1.728
1.04	106.801	137.77	44.971	97.369	97.467	105.8	105.8	-24.398	-17.25	-17.25	-11.525	-1.725
1.05	107.775	137.656	44.971	97.288	97.386	106.774	106.774	-24.358	-17.221	-17.221	-11.522	-1.722
1.06	108.748	137.542	44.971	97.208	97.306	107.747	107.747	-24.318	-17.193	-17.193	-11.519	-1.719
1.07	109.72	137.428	44.971	97.127	97.225	108.719	108.719	-24.277	-17.164	-17.164	-11.516	-1.716
1.08	110.692	137.314	44.971	97.046	97.144	109.691	109.691	-24.237	-17.136	-17.136	-11.514	-1.714
1.09	111.663	137.2	44.971	96.966	97.064	110.662	110.662	-24.197	-17.107	-17.107	-11.511	-1.711
1.1	112.633	137.086	44.971	96.885	96.983	111.632	111.632	-24.157	-17.079	-17.079	-11.508	-1.708
1.11	113.602	136.972	44.971	96.805	96.903	112.601	112.601	-24.117	-17.051	-17.051	-11.505	-1.705
1.12	114.57	136.858	44.971	96.724	96.822	113.569	113.569	-24.077	-17.022	-17.022	-11.502	-1.702
1.13	115.538	136.744	44.971	96.644	96.742	114.537	114.537	-24.037	-16.994	-16.994	-11.499	-1.699
1.14	116.505	136.63	44.971	96.563	96.661	115.504	115.504	-23.997	-16.966	-16.966	-11.497	-1.697
1.15	117.471	136.516	44.971	96.482	96.58	116.47	116.47	-23.957	-16.937	-16.937	-11.494	-1.694
1.16	118.436	136.402	44.971	96.402	96.5	117.435	117.435	-23.917	-16.909	-16.909	-11.491	-1.691
1.17	119.4	136.288	44.971	96.321	96.419	118.399	118.399	-23.877	-16.881	-16.881	-11.488	-1.688
1.18	120.364	136.174	44.971	96.241	96.339	119.363	119.363	-23.837	-16.853	-16.853	-11.485	-1.685
1.19	121.327	136.06	44.971	96.16	96.258	120.326	120.326	-23.797	-16.824	-16.824	-11.482	-1.682
1.2	122.289	135.946	44.971	96.08	96.178	121.288	121.288	-23.757	-16.796	-16.796	-11.48	-1.68
1.21	123.25	135.832	44.971	95.999	96.097	122.249	122.249	-23.717	-16.768	-16.768	-11.477	-1.677
1.22	124.21	135.719	44.971	95.918	96.016	123.209	123.209	-23.678	-16.74	-16.74	-11.474	-1.674
1.23	125.17	135.606	44.971	95.839	95.937	124.169	124.169	-23.638	-16.712	-16.712	-11.471	-1.671
1.24	126.129	135.493	44.971	95.759	95.857	125.128	125.128	-23.599	-16.684	-16.684	-11.468	-1.668
1.25	127.087	135.38	44.971	95.679	95.777	126.086	126.086	-23.56	-16.657	-16.657	-11.466	-1.666
1.26	128.044	135.267	44.971	95.599	95.697	127.043	127.043	-23.52	-16.629	-16.629	-11.463	-1.663
1.27	129.0	135.154	44.971	95.519	95.617	127.999	127.999	-23.481	-16.601	-16.601	-11.46	-1.66
1.28	129.956	135.041	44.971	95.439	95.537	128.955	128.955	-23.442	-16.573	-16.573	-11.457	-1.657
1.29	130.911	134.928	44.971	95.359	95.457	129.91	129.91	-23.403	-16.546	-16.546	-11.455	-1.655
1.3	131.865	134.815	44.971	95.28	95.378	130.864	130.864	-23.363	-16.518	-16.518	-11.452	-1.652
1.31	132.818	134.702	44.971	95.2	95.298	131.817	131.817	-23.324	-16.49	-16.49	-11.449	-1.649
1.32	133.77	134.589	44.97	95.12	95.218	132.769	132.769	-23.285	-16.463	-16.463	-11.446	-1.646
1.33	134.722	134.476	44.97	95.04	95.138	133.721	133.721	-23.246	-16.435	-16.435	-11.444	-1.644
1.34	135.673	134.363	44.97	94.96	95.058	134.672	134.672	-23.207	-16.407	-16.407	-11.441	-1.641
1.35	136.623	134.25	44.97	94.88	94.978	135.622	135.622	-23.168	-16.38	-16.38	-11.438	-1.638
1.36	137.572	134.137	44.97	94.8	94.898	136.571	136.571	-23.129	-16.352	-16.352	-11.435	-1.635
1.37	138.52	134.024	44.97	94.721	94.819	137.519	137.519	-23.09	-16.325	-16.325	-11.432	-1.632
1.38	139.468	133.911	44.97	94.641	94.739	138.467	138.467	-23.051	-16.297	-16.297	-11.43	-1.63
1.39	140.415	133.798	44.97	94.561	94.659	139.414	139.414	-23.013	-16.27	-16.27	-11.427	-1.627
1.4	141.361	133.686	44.97	94.481	94.579	140.36	140.36	-22.974	-16.242	-16.242	-11.424	-1.624
1.41	142.306	133.574	44.97	94.402	94.5	141.305	141.305	-22.935	-16.215	-16.215	-11.422	-1.622
1.42	143.25	133.462	44.97	94.323	94.421	142.249	142.249	-22.897	-16.188	-16.188	-11.419	-1.619
1.43	144.194	133.35	44.97	94.243	94.341	143.193	143.193	-22.859	-16.161	-16.161	-11.416	-1.616
1.44	145.137	133.238	44.97	94.164	94.262	144.136	144.136	-22.82	-16.134	-16.134	-11.413	-1.613
1.45	146.079	133.126	44.97	94.085	94.183	145.078	145.078	-22.782	-16.107	-16.107	-11.411	-1.611
1.46	147.02	133.014	44.97	94.006	94.104	146.019	146.019	-22.744	-16.08	-16.08	-11.408	-1.608
1.47	147.96	132.902	44.97	93.927	94.025	146.959	146.959	-22.705	-16.053	-16.053	-11.405	-1.605
1.48	148.9	132.79	44.97	93.848	93.946	147.899	147.899	-22.667	-16.026	-16.026	-11.403	-1.603
1.49	149.839	132.678	44.97	93.769	93.867	148.838	148.838	-22.629	-15.999	-15.999	-11.4	-1.6
1.5	150.777	132.566	44.97	93.689	93.787	149.776	149.776	-22.591	-15.972	-15.972	-11.397	-1.597
1.51	151.714	132.454	44.97	93.61	93.708	150.713	150.713	-22.553	-15.945	-15.945	-11.394	-1.594
1.52	152.65	132.342	44.97	93.531	93.629	151.649	151.649	-22.515	-15.918	-15.918	-11.392	-1.592
1.53	153.586	132.23	44.97	93.452	93.55	152.585	152.585	-22.476	-15.891	-15.891	-11.389	-1.589
1.54	154.521	132.118	44.97	93.373	93.471	153.52	153.52	-22.438	-15.864	-15.864	-11.386	-1.586
1.55	155.455	132.006	44.97	93.294	93.392	154.454	154.454	-22.4	-15.837	-15.837	-11.384	-1.584
1.56	156.388	131.894	44.97	93.214	93.312	155.387	155.387	-22.362	-15.81	-15.81	-11.381	-1.581
1.57	157.32	131.782	44.97	93.135	93.233	156.319	156.319	-22.325	-15.783	-15.783	-11.378	-1.578
1.58	158.252	131.671	44.97	93.056	93.154	157.251	157.251	-22.287	-15.757	-15.757	-11.376	-1.576
1.59	159.183	131.56	44.97	92.978	93.076	158.182	158.182	-22.249	-15.73	-15.73	-11.373	-1.573
1.6	160.113	131.449	44.97	92.899	92.997	159.112	159.112	-22.212	-15.704	-15.704	-11.37	-1.57
1.61	161.042	131.338	44.97	92.821	92.919	160.041	160.041	-22.174	-15.677	-15.677	-11.368	-1.568
1.62	161.971	131.227	44.97	92.742	92.84	160.97	160.97	-22.137	-15.651	-15.651	-11.365	-1.565
1.63	162.899	131.116	44.97	92.664	92.762	161.898	161.898	-22.099	-15.624	-15.624	-11.362	-1.562
1.64	163.826	131.005	44.97	92.585	92.683	162.825	162.825	-22.062	-15.598	-15.598	-11.36	-1.56
1.65	164.752	130.894	44.97	92.507	92.605	163.751	163.751	-22.025	-15.571	-15.571	-11.357	-1.557
1.66	165.677	130.783	44.97	92.429	92.527	164.676	164.676	-21.987	-15.545	-15.545	-11.355	-1.555
1.67	166.602	130.672	44.97	92.35	92.448	165.601	165.601	-21.95	-15.519	-15.519	-11.352	-1.552
1.68	167.526	130.561	44.97	92.272	92.37	166.525	166.525	-21.913	-15.492	-15.492	-11.349	-1.549
1.69	168.449	130.45	44.97	92.193	92.291	167.448	167.448	-21.876	-15.466	-15.466	-11.347	-1.547
1.7	169.371	130.339	44.97	92.115	92.213	168.37	168.37	-21.838	-15.44	-15.44	-11.344	-1.544
1.71	170.292	130.228	44.97	92.036	92.134	169.291	169.291	-21.801	-15.413	-15.413	-11.341	-1.541
1.72	171.213	130.117	44.969	91.958	92.056	170.212	170.212	-21.764	-15.387	-15.387	-11.339	-1.539
1.73	172.133	130.006	44.969	91.879	91.977	171.132	171.132	-21.727	-15.361	-15.361	-11.336	-1.536
1.74	173.052	129.895	44.969	91.801	91.899	172.051	172.051	-21.69	-15.335	-15.335	-11.333	-1.533
1.75	173.97	129.784	44.969	91.722	91.82	172.969	172.969	-21.653	-15.309	-15.309	-11.331	-1.531
1.76	174.888	129.674	44.969	91.644	91.742	173.887	173.887	-21.616	-15.282	-15.282	-11.328	-1.528
1.77	175.805	129.564	44.969	91.566	91.664	174.804	174.804	-21.579	-15.257	-15.257	-11.326	-1.526
1.78	176.721	129.454	44.969	91.489	91.587	175.72	175.72	-21.543	-15.231	-15.231	-11.323	-1.523
1.79	177.636	129.344	44.969	91.411	91.509	176.635	176.635	-21.506	-15.205	-15.205	-11.32	-1.52
1.8	178.55	129.234	44.969	91.333	91.431	177.549	177.549	-21.47	-15.179	-15.179	-11.318	-1.518
1.81	179.464	129.124	44.969	91.255	91.353	178.463	178.463	-21.433	-15.153	-15.153	-11.315	-1.515
1.82	180.377	129.014	44.969	91.178	91.276	179.376	179.376	-21.397	-15.127	-15.127	-11.313	-1.513
1.83	181.289	128.904	44.969	91.1	91.198	180.288	180.288	-21.36	-15.102	-15.102	-11.31	-1.51
1.84	182.2	128.794	44.969	91.022	91.12	181.199	181.199	-21.324	-15.076	-15.076	-11.308	-1.508
1.85	183.111	128.684	44.969	90.944	91.042	182.11	182.11	-21.287	-15.05	-15.05	-11.305	-1.505
1.86	184.021	128.574	44.969	90.867	90.965	183.02	183.02	-21.251	-15.025	-15.025	-11.302	-1.502
1.87	184.93	128.464	44.969	90.789	90.887	183.929	183.929	-21.215	-14.999	-14.999	-11.3	-1.5
1.88	185.838	128.354	44.969	90.711	90.809	184.837	184.837	-21.179	-14.973	-14.973	-11.297	-1.497
1.89	186.745	128.244	44.969	90.633	90.731	185.744	185.744	-21.142	-14.948	-14.948	-11.295	-1.495
1.9	187.652	128.134	44.969	90.556	90.654	186.651	186.651	-21.106	-14.922	-14.922	-11.292	-1.492
1.91	188.558	128.024	44.969	90.478	90.576	187.557	187.557	-21.07	-14.896	-14.896	-11.29	-1.49
1.92	189.463	127.914	44.969	90.4	90.498	188.462	188.462	-21.034	-14.871	-14.871	-11.287	-1.487
1.93	190.367	127.804	44.969	90.322	90.42	189.366	189.366	-20.998	-14.845	-14.845	-11.285	-1.485
1.94	191.271	127.694	44.969	90.245	90.343	190.27	190.27	-20.961	-14.82	-14.82	-11.282	-1.482
1.95	192.174	127.585	44.969	90.167	90.265	191.173	191.173	-20.925	-14.794	-14.794	-11.279	-1.479
1.96	193.076	127.476	44.969	90.09	90.188	192.075	192.075	-20.89	-14.769	-14.769	-11.277	-1.477
1.97	193.977	127.367	44.969	90.013	90.111	192.976	192.976	-20.854	-14.744	-14.744	-11.274	-1.474
1.98	194.877	127.258	44.969	89.936	90.034	193.876	193.876	-20.818	-14.719	-14.719	-11.272	-1.472
1.99	195.777	127.149	44.969	89.859	89.957	194.776	194.776	-20.783	-14.693	-14.693	-11.269	-1.469
2.0	196.676	127.04	44.969	89.782	89.88	195.675	195.675	-20.747	-14.668	-14.668	-11.267	-1.467
2.01	197.574	126.931	44.969	89.705	89.803	196.573	196.573	-20.712	-14.643	-14.643	-11.264	-1.464
2.02	198.471	126.822	44.969	89.628	89.726	197.47	197.47	-20.676	-14.618	-14.618	-11.262	-1.462
2.03	199.368	126.713	44.969	89.551	89.649	198.367	198.367	-20.641	-14.593	-14.593	-11.259	-1.459
2.04	200.264	126.604	44.969	89.474	89.572	199.263	199.263	-20.605	-14.568	-14.568	-11.257	-1.457
2.05	201.159	126.495	44.969	89.396	89.494	200.158	200.158	-20.57	-14.543	-14.543	-11.254	-1.454
2.06	202.053	126.386	44.969	89.319	89.417	201.052	201.052	-20.534	-14.518	-14.518	-11.252	-1.452
2.07	202.947	126.277	44.969	89.242	89.34	201.946	201.946	-20.499	-14.493	-14.493	-11.249	-1.449
2.08	203.84	126.168	44.969	89.165	89.263	202.839	202.839	-20.464	-14.468	-14.468	-11.247	-1.447
2.09	204.732	126.059	44.969	89.088	89.186	203.731	203.731	-20.428	-14.443	-14.443	-11.244	-1.444
2.1	205.623	125.95	44.968	89.011	89.109	204.622	204.622	-20.393	-14.418	-14.418	-11.242	-1.442
2.11	206.513	125.93	44.928	88.934	89.158	205.512	205.514	-20.358	-14.393	-14.413	-11.239	-1.441
2.12	207.402	125.822	44.887	88.794	89.144	206.401	206.406	-20.351	-14.368	-14.409	-11.237	-1.441
2.13	208.29	125.714	44.887	88.718	89.068	207.289	207.297	-20.316	-14.343	-14.384	-11.234	-1.438
2.14	209.178	125.606	44.887	88.642	88.991	208.177	208.187	-20.281	-14.319	-14.359	-11.232	-1.436
2.15	210.065	125.498	44.887	88.566	88.915	209.064	209.076	-20.247	-14.294	-14.335	-11.229	-1.433
2.16	210.951	125.39	44.887	88.489	88.838	209.95	209.965	-20.212	-14.27	-14.31	-11.227	-1.431
2.17	211.836	125.282	44.887	88.413	88.762	210.835	210.853	-20.177	-14.245	-14.285	-11.225	-1.429
2.18	212.72	125.174	44.887	88.337	88.685	211.719	211.74	-20.142	-14.22	-14.261	-11.222	-1.426
2.19	213.604	125.066	44.887	88.261	88.609	212.603	212.626	-20.108	-14.196	-14.236	-11.22	-1.424
2.2	214.487	124.958	44.887	88.184	88.533	213.486	213.511	-20.073	-14.171	-14.212	-11.217	-1.421
2.21	215.369	124.85	44.887	88.108	88.456	214.368	214.396	-20.038	-14.147	-14.187	-11.215	-1.419
2.22	216.25	124.742	44.887	88.032	88.38	215.249	215.28	-20.004	-14.123	-14.163	-11.212	-1.416
2.23	217.131	124.634	44.887	87.956	88.303	216.13	216.163	-19.969	-14.098	-14.138	-11.21	-1.414
2.24	218.011	124.526	44.887	87.88	88.227	217.01	217.045	-19.935	-14.074	-14.114	-11.207	-1.411
2.25	218.89	124.418	44.887	87.803	88.15	217.889	217.927	-19.9	-14.049	-14.089	-11.205	-1.409
2.26	219.768	124.31	44.887	87.727	88.074	218.767	218.808	-19.865	-14.025	-14.065	-11.203	-1.406
2.27	220.646	124.202	44.887	87.651	87.997	219.645	219.688	-19.831	-14.001	-14.04	-11.2	-1.404
2.28	221.523	124.094	44.887	87.575	87.921	220.522	220.567	-19.797	-13.976	-14.016	-11.198	-1.402
2.29	222.399	123.986	44.887	87.498	87.845	221.398	221.446	-19.762	-13.952	-13.992	-11.195	-1.399
2.3	223.274	123.878	44.887	87.422	87.768	222.273	222.324	-19.728	-13.928	-13.967	-11.193	-1.397
2.31	224.149	123.771	44.887	87.346	87.692	223.148	223.201	-19.693	-13.904	-13.943	-11.19	-1.394
2.32	225.023	123.664	44.887	87.27	87.616	224.022	224.077	-19.659	-13.88	-13.919	-11.188	-1.392
2.33	225.896	123.557	44.887	87.195	87.54	224.895	224.953	-19.625	-13.856	-13.895	-11.186	-1.389
2.34	226.768	123.45	44.887	87.119	87.464	225.767	225.828	-19.591	-13.832	-13.871	-11.183	-1.387
2.35	227.64	123.343	44.887	87.044	87.389	226.639	226.702	-19.558	-13.808	-13.847	-11.181	-1.385
2.36	228.511	123.236	44.887	86.968	87.313	227.51	227.575	-19.524	-13.784	-13.823	-11.178	-1.382
2.37	229.381	123.129	44.887	86.893	87.237	228.38	228.448	-19.49	-13.76	-13.799	-11.176	-1.38
2.38	230.25	123.022	44.887	86.817	87.162	229.249	229.32	-19.456	-13.736	-13.775	-11.174	-1.377
2.39	231.119	122.915	44.887	86.742	87.086	230.118	230.191	-19.422	-13.712	-13.751	-11.171	-1.375
2.4	231.987	122.808	44.887	86.666	87.01	230.986	231.061	-19.388	-13.688	-13.727	-11.169	-1.373
2.41	232.854	122.701	44.887	86.591	86.934	231.853	231.93	-19.355	-13.664	-13.703	-11.166	-1.37
2.42	233.72	122.594	44.887	86.515	86.859	232.719	232.799	-19.321	-13.641	-13.679	-11.164	-1.368
2.43	234.586	122.487	44.886	86.44	86.783	233.585	233.667	-19.287	-13.617	-13.655	-11.162	-1.366
2.44	235.451	122.467	44.846	86.364	86.83	234.45	234.535	-19.254	-13.593	-13.651	-11.159	-1.365
2.45	236.314	122.361	44.805	86.228	86.815	235.313	235.403	-19.247	-13.569	-13.646	-11.157	-1.365
2.46	237.177	122.342	44.765	86.153	86.863	236.176	236.272	-19.214	-13.546	-13.642	-11.155	-1.364
2.47	238.038	122.236	44.724	86.017	86.849	237.037	237.141	-19.208	-13.522	-13.638	-11.152	-1.364
2.48	238.899	122.217	44.684	85.943	86.896	237.898	238.01	-19.175	-13.499	-13.633	-11.15	-1.363
2.49	239.758	122.112	44.643	85.807	86.883	238.757	238.879	-19.169	-13.476	-13.629	-11.148	-1.363
2.5	240.616	122.007	44.643	85.733	86.808	239.615	239.747	-19.136	-13.453	-13.606	-11.145	-1.361
2.51	241.474	121.903	44.643	85.659	86.733	240.473	240.614	-19.103	-13.429	-13.582	-11.143	-1.358
2.52	242.331	121.799	44.643	85.586	86.659	241.33	241.481	-19.07	-13.407	-13.559	-11.141	-1.356
2.53	243.187	121.695	44.643	85.513	86.586	242.186	242.347	-19.038	-13.384	-13.536	-11.138	-1.354
2.54	244.043	121.591	44.643	85.44	86.512	243.042	243.212	-19.005	-13.361	-13.513	-11.136	-1.351
2.55	244.898	121.487	44.643	85.367	86.438	243.897	244.077	-18.973	-13.338	-13.49	-11.134	-1.349
2.56	245.752	121.383	44.643	85.294	86.364	244.751	244.941	-18.941	-13.315	-13.467	-11.132	-1.347
2.57	246.605	121.279	44.643	85.221	86.29	245.604	245.804	-18.908	-13.292	-13.444	-11.129	-1.344
2.58	247.458	121.175	44.643	85.148	86.216	246.457	246.666	-18.876	-13.27	-13.421	-11.127	-1.342
2.59	248.31	121.071	44.643	85.075	86.142	247.309	247.528	-18.843	-13.247	-13.398	-11.125	-1.34
2.6	249.161	120.967	44.643	85.002	86.068	248.16	248.389	-18.811	-13.224	-13.375	-11.122	-1.337
2.61	250.011	120.863	44.643	84.929	85.994	249.01	249.249	-18.779	-13.201	-13.352	-11.12	-1.335
2.62	250.861	120.759	44.643	84.856	85.92	249.86	250.108	-18.746	-13.179	-13.329	-11.118	-1.333
2.63	251.71	120.655	44.643	84.782	85.846	250.709	250.967	-18.714	-13.156	-13.306	-11.116	-1.331
2.64	252.558	120.551	44.643	84.709	85.772	251.557	251.825	-18.682	-13.133	-13.283	-11.113	-1.328
2.65	253.405	120.447	44.643	84.636	85.699	252.404	252.682	-18.65	-13.111	-13.26	-11.111	-1.326
2.66	254.252	120.343	44.643	84.563	85.625	253.251	253.538	-18.618	-13.088	-13.237	-11.109	-1.324
2.67	255.098	120.239	44.643	84.49	85.551	254.097	254.394	-18.585	-13.066	-13.214	-11.107	-1.321
2.68	255.943	120.135	44.643	84.417	85.477	254.942	255.249	-18.553	-13.043	-13.191	-11.104	-1.319
2.69	256.788	120.031	44.643	84.344	85.403	255.787	256.103	-18.521	-13.02	-13.169	-11.102	-1.317
2.7	257.632	119.927	44.643	84.271	85.329	256.631	256.956	-18.489	-12.998	-13.146	-11.1	-1.315
2.71	258.475	119.823	44.643	84.198	85.255	257.474	257.809	-18.457	-12.975	-13.123	-11.098	-1.312
2.72	259.317	119.72	44.642	84.125	85.181	258.316	258.661	-18.425	-12.953	-13.1	-11.095	-1.31
2.73	260.159	119.702	44.602	84.052	85.228	259.158	259.513	-18.394	-12.931	-13.096	-11.093	-1.31
2.74	260.999	119.6	44.561	83.92	85.215	259.998	260.365	-18.388	-12.908	-13.092	-11.091	-1.309
2.75	261.839	119.583	44.521	83.848	85.262	260.838	261.218	-18.357	-12.886	-13.088	-11.089	-1.309
2.76	262.677	119.482	44.48	83.717	85.25	261.676	262.071	-18.351	-12.864	-13.085	-11.086	-1.308
2.77	263.515	119.381	44.48	83.646	85.178	262.514	262.923	-18.321	-12.843	-13.063	-11.084	-1.306
2.78	264.352	119.28	44.48	83.575	85.106	263.351	263.774	-18.29	-12.821	-13.04	-11.082	-1.304
2.79	265.188	119.179	44.48	83.504	85.034	264.187	264.624	-18.259	-12.799	-13.018	-11.08	-1.302
2.8	266.023	119.078	44.48	83.434	84.962	265.022	265.474	-18.228	-12.778	-12.996	-11.078	-1.3
2.81	266.858	118.977	44.48	83.363	84.89	265.857	266.323	-18.197	-12.756	-12.974	-11.076	-1.297
2.82	267.692	118.876	44.48	83.292	84.818	266.691	267.171	-18.166	-12.734	-12.952	-11.073	-1.295
2.83	268.525	118.776	44.48	83.221	84.746	267.524	268.019	-18.135	-12.713	-12.93	-11.071	-1.293
2.84	269.358	118.676	44.48	83.151	84.674	268.357	268.866	-18.105	-12.691	-12.909	-11.069	-1.291
2.85	270.19	118.576	44.48	83.081	84.603	269.189	269.712	-18.074	-12.67	-12.887	-11.067	-1.289
2.86	271.021	118.476	44.48	83.011	84.532	270.02	270.557	-18.044	-12.649	-12.865	-11.065	-1.287
2.87	271.852	118.376	44.48	82.941	84.461	270.851	271.402	-18.013	-12.627	-12.843	-11.063	-1.284
2.88	272.682	118.276	44.48	82.871	84.389	271.681	272.246	-17.983	-12.606	-12.822	-11.061	-1.282
2.89	273.511	118.176	44.48	82.801	84.318	272.51	273.089	-17.953	-12.585	-12.8	-11.058	-1.28
2.9	274.339	118.076	44.48	82.731	84.247	273.338	273.932	-17.922	-12.563	-12.779	-11.056	-1.278
2.91	275.167	117.976	44.48	82.661	84.175	274.166	274.774	-17.892	-12.542	-12.757	-11.054	-1.276
2.92	275.994	117.876	44.48	82.591	84.104	274.993	275.615	-17.862	-12.521	-12.735	-11.052	-1.274
2.93	276.82	117.776	44.48	82.521	84.033	275.819	276.455	-17.831	-12.5	-12.714	-11.05	-1.271
2.94	277.646	117.676	44.48	82.45	83.962	276.645	277.295	-17.801	-12.479	-12.692	-11.048	-1.269
2.95	278.471	117.576	44.48	82.38	83.89	277.47	278.134	-17.771	-12.457	-12.671	-11.046	-1.267
2.96	279.295	117.476	44.48	82.31	83.819	278.294	278.972	-17.741	-12.436	-12.649	-11.044	-1.265
2.97	280.119	117.376	44.48	82.24	83.748	279.118	279.81	-17.71	-12.415	-12.628	-11.042	-1.263
2.98	280.942	117.276	44.48	82.17	83.676	279.941	280.647	-17.68	-12.394	-12.606	-11.039	-1.261
2.99	281.764	117.176	44.48	82.1	83.605	280.763	281.483	-17.65	-12.373	-12.585	-11.037	-1.258
3.0	282.585	117.076	44.48	82.03	83.534	281.584	282.318	-17.62	-12.352	-12.563	-11.035	-1.256
3.01	283.406	116.976	44.48	81.96	83.463	282.405	283.153	-17.59	-12.331	-12.542	-11.033	-1.254
3.02	284.226	116.876	44.48	81.89	83.391	283.225	283.987	-17.56	-12.31	-12.52	-11.031	-1.252
3.03	285.045	116.776	44.479	81.82	83.32	284.044	284.82	-17.53	-12.289	-12.499	-11.029	-1.25
3.04	285.864	116.76	44.439	81.75	83.366	284.863	285.654	-17.5	-12.268	-12.495	-11.027	-1.25
3.05	286.681	116.662	44.398	81.622	83.354	285.68	286.488	-17.495	-12.247	-12.492	-11.025	-1.249
3.06	287.498	116.564	44.398	81.553	83.284	286.497	287.321	-17.466	-12.226	-12.471	-11.023	-1.247
3.07	288.314	116.466	44.398	81.485	83.214	287.313	288.153	-17.437	-12.206	-12.45	-11.021	-1.245
3.08	289.129	116.368	44.398	81.416	83.144	288.128	288.985	-17.407	-12.185	-12.429	-11.019	-1.243
3.09	289.944	116.27	44.398	81.347	83.074	288.943	289.816	-17.378	-12.165	-12.408	-11.016	-1.241
3.1	290.758	116.172	44.398	81.279	83.004	289.757	290.646	-17.349	-12.144	-12.387	-11.014	-1.239
3.11	291.571	116.074	44.398	81.21	82.934	290.57	291.475	-17.32	-12.124	-12.366	-11.012	-1.237
3.12	292.384	115.976	44.398	81.142	82.864	291.383	292.304	-17.29	-12.103	-12.345	-11.01	-1.235
3.13	293.196	115.878	44.398	81.073	82.795	292.195	293.132	-17.261	-12.083	-12.324	-11.008	-1.232
3.14	294.007	115.78	44.398	81.005	82.725	293.006	293.959	-17.232	-12.062	-12.304	-11.006	-1.23
3.15	294.817	115.682	44.398	80.936	82.655	293.816	294.786	-17.203	-12.042	-12.283	-11.004	-1.228
3.16	295.627	115.584	44.398	80.867	82.585	294.626	295.612	-17.174	-12.022	-12.262	-11.002	-1.226
3.17	296.436	115.486	44.398	80.799	82.515	295.435	296.437	-17.145	-12.001	-12.241	-11.0	-1.224
3.18	297.244	115.389	44.398	80.73	82.445	296.243	297.262	-17.116	-11.981	-12.221	-10.998	-1.222
3.19	298.052	115.292	44.398	80.662	82.376	297.051	298.086	-17.087	-11.961	-12.2	-10.996	-1.22
3.2	298.859	115.195	44.398	80.594	82.306	297.858	298.909	-17.058	-11.941	-12.179	-10.994	-1.218
3.21	299.665	115.098	44.398	80.527	82.237	298.664	299.731	-17.029	-11.921	-12.159	-10.992	-1.216
3.22	300.471	115.001	44.398	80.459	82.168	299.47	300.553	-17.001	-11.901	-12.139	-10.99	-1.214
3.23	301.276	114.904	44.398	80.391	82.099	300.275	301.374	-16.972	-11.88	-12.118	-10.988	-1.212
3.24	302.08	114.807	44.398	80.323	82.029	301.079	302.194	-16.943	-11.86	-12.098	-10.986	-1.21
3.25	302.884	114.71	44.398	80.255	81.96	301.883	303.014	-16.915	-11.84	-12.077	-10.984	-1.208
3.26	303.687	114.613	44.398	80.187	81.891	302.686	303.833	-16.886	-11.82	-12.057	-10.982	-1.206
3.27	304.489	114.516	44.398	80.119	81.822	303.488	304.651	-16.858	-11.8	-12.036	-10.98	-1.204
3.28	305.291	114.419	44.398	80.051	81.752	304.29	305.469	-16.829	-11.78	-12.016	-10.978	-1.202
3.29	306.092	114.322	44.398	79.984	81.683	305.091	306.286	-16.801	-11.761	-11.996	-10.976	-1.2
3.3	306.892	114.225	44.398	79.916	81.614	305.891	307.102	-16.772	-11.741	-11.975	-10.974	-1.198
3.31	307.692	114.128	44.398	79.848	81.545	306.691	307.918	-16.744	-11.721	-11.955	-10.972	-1.196
3.32	308.491	114.031	44.398	79.78	81.475	307.49	308.733	-16.715	-11.701	-11.935	-10.97	-1.193
3.33	309.289	113.934	44.398	79.712	81.406	308.288	309.547	-16.687	-11.681	-11.915	-10.968	-1.191
3.34	310.087	113.837	44.398	79.644	81.337	309.086	310.36	-16.659	-11.661	-11.894	-10.966	-1.189
3.35	310.884	113.74	44.397	79.576	81.268	309.883	311.173	-16.63	-11.641	-11.874	-10.964	-1.187
3.36	311.68	113.724	44.357	79.508	81.312	310.679	311.986	-16.602	-11.621	-11.87	-10.962	-1.187
3.37	312.475	113.629	44.316	79.383	81.301	311.474	312.799	-16.597	-11.601	-11.867	-10.96	-1.187
3.38	313.269	113.534	44.316	79.317	81.233	312.268	313.611	-16.57	-11.582	-11.847	-10.958	-1.185
3.39	314.063	113.439	44.316	79.251	81.165	313.062	314.423	-16.542	-11.563	-11.827	-10.956	-1.183
3.4	314.856	113.344	44.316	79.184	81.097	313.855	315.234	-16.514	-11.543	-11.808	-10.954	-1.181
3.41	315.648	113.249	44.316	79.118	81.029	314.647	316.044	-16.487	-11.524	-11.788	-10.952	-1.179
3.42	316.44	113.154	44.316	79.052	80.961	315.439	316.854	-16.459	-11.505	-11.768	-10.95	-1.177
3.43	317.231	113.059	44.316	78.985	80.893	316.23	317.663	-16.431	-11.485	-11.748	-10.949	-1.175
3.44	318.021	112.964	44.316	78.919	80.825	317.02	318.471	-16.404	-11.466	-11.729	-10.947	-1.173
3.45	318.811	112.869	44.316	78.852	80.758	317.81	319.279	-16.376	-11.447	-11.709	-10.945	-1.171
3.46	319.6	112.774	44.316	78.786	80.69	318.599	320.086	-16.349	-11.428	-11.689	-10.943	-1.169
3.47	320.388	112.679	44.316	78.72	80.622	319.387	320.892	-16.321	-11.408	-11.67	-10.941	-1.167
3.48	321.176	112.584	44.316	78.653	80.554	320.175	321.698	-16.294	-11.389	-11.65	-10.939	-1.165
3.49	321.963	112.489	44.316	78.587	80.486	320.962	322.503	-16.266	-11.37	-11.63	-10.937	-1.163
3.5	322.749	112.394	44.316	78.52	80.418	321.748	323.307	-16.239	-11.351	-11.611	-10.935	-1.161
3.51	323.535	112.3	44.316	78.454	80.35	322.534	324.111	-16.211	-11.332	-11.591	-10.933	-1.159
3.52	324.32	112.206	44.316	78.388	80.283	323.319	324.914	-16.184	-11.313	-11.572	-10.931	-1.157
3.53	325.104	112.112	44.316	78.323	80.216	324.103	325.716	-16.157	-11.294	-11.552	-10.929	-1.155
3.54	325.888	112.018	44.316	78.257	80.149	324.887	326.518	-16.13	-11.275	-11.533	-10.927	-1.153
3.55	326.671	111.924	44.316	78.191	80.081	325.67	327.319	-16.103	-11.256	-11.514	-10.926	-1.151
3.56	327.453	111.83	44.316	78.126	80.014	326.452	328.119	-16.076	-11.237	-11.494	-10.924	-1.149
3.57	328.235	111.736	44.316	78.06	79.947	327.234	328.919	-16.049	-11.218	-11.475	-10.922	-1.148
3.58	329.016	111.642	44.316	77.994	79.88	328.015	329.718	-16.022	-11.199	-11.456	-10.92	-1.146
3.59	329.796	111.548	44.316	77.929	79.813	328.795	330.516	-15.995	-11.181	-11.437	-10.918	-1.144
3.6	330.576	111.454	44.316	77.863	79.745	329.575	331.314	-15.968	-11.162	-11.417	-10.916	-1.142
3.61	331.355	111.36	44.316	77.797	79.678	330.354	332.111	-15.941	-11.143	-11.398	-10.914	-1.14
3.62	332.133	111.266	44.316	77.732	79.611	331.132	332.907	-15.914	-11.124	-11.379	-10.912	-1.138
3.63	332.911	111.172	44.316	77.666	79.544	331.91	333.703	-15.888	-11.105	-11.36	-10.911	-1.136
3.64	333.688	111.078	44.316	77.6	79.477	332.687	334.498	-15.861	-11.087	-11.34	-10.909	-1.134
3.65	334.464	110.984	44.316	77.534	79.409	333.463	335.292	-15.834	-11.068	-11.321	-10.907	-1.132
3.66	335.24	110.89	44.315	77.469	79.342	334.239	336.086	-15.807	-11.049	-11.302	-10.905	-1.13
3.67	336.015	110.875	44.275	77.403	79.386	335.014	336.88	-15.78	-11.03	-11.299	-10.903	-1.13
3.68	336.789	110.783	44.234	77.282	79.375	335.788	337.674	-15.776	-11.012	-11.296	-10.901	-1.13
3.69	337.562	110.691	44.234	77.218	79.309	336.561	338.467	-15.75	-10.993	-11.277	-10.899	-1.128
3.7	338.335	110.599	44.234	77.153	79.243	337.334	339.26	-15.724	-10.975	-11.258	-10.898	-1.126
3.71	339.107	110.507	44.234	77.089	79.178	338.106	340.052	-15.698	-10.957	-11.24	-10.896	-1.124
3.72	339.878	110.415	44.234	77.025	79.112	338.877	340.843	-15.672	-10.939	-11.221	-10.894	-1.122
3.73	340.649	110.323	44.234	76.961	79.046	339.648	341.634	-15.645	-10.921	-11.202	-10.892	-1.12
3.74	341.419	110.231	44.234	76.897	78.98	340.418	342.424	-15.619	-10.902	-11.183	-10.89	-1.118
3.75	342.188	110.139	44.234	76.832	78.914	341.187	343.213	-15.593	-10.884	-11.165	-10.888	-1.116
3.76	342.957	110.047	44.234	76.768	78.848	341.956	344.002	-15.567	-10.866	-11.146	-10.887	-1.115
3.77	343.725	109.955	44.234	76.704	78.783	342.724	344.79	-15.541	-10.848	-11.128	-10.885	-1.113
3.78	344.492	109.863	44.234	76.64	78.717	343.491	345.577	-15.515	-10.83	-11.109	-10.883	-1.111
3.79	345.259	109.771	44.234	76.576	78.651	344.258	346.364	-15.489	-10.812	-11.09	-10.881	-1.109
3.8	346.025	109.679	44.234	76.511	78.585	345.024	347.15	-15.463	-10.794	-11.072	-10.879	-1.107
3.81	346.791	109.587	44.234	76.447	78.519	345.79	347.935	-15.438	-10.775	-11.053	-10.878	-1.105
3.82	347.556	109.496	44.234	76.383	78.453	346.555	348.72	-15.412	-10.757	-11.035	-10.876	-1.103
3.83	348.32	109.405	44.234	76.319	78.388	347.319	349.504	-15.386	-10.74	-11.016	-10.874	-1.102
3.84	349.084	109.314	44.234	76.256	78.323	348.083	350.287	-15.361	-10.722	-10.998	-10.872	-1.1
3.85	349.847	109.223	44.234	76.192	78.258	348.846	351.07	-15.335	-10.704	-10.98	-10.87	-1.098
3.86	350.609	109.132	44.234	76.129	78.193	349.608	351.852	-15.309	-10.686	-10.962	-10.869	-1.096
3.87	351.371	109.041	44.234	76.065	78.128	350.37	352.633	-15.284	-10.668	-10.943	-10.867	-1.094
3.88	352.132	108.95	44.234	76.002	78.062	351.131	353.414	-15.259	-10.65	-10.925	-10.865	-1.093
3.89	352.892	108.859	44.234	75.938	77.997	351.891	354.194	-15.233	-10.633	-10.907	-10.863	-1.091
3.9	353.652	108.768	44.234	75.875	77.932	352.651	354.973	-15.208	-10.615	-10.889	-10.861	-1.089
3.91	354.411	108.677	44.234	75.811	77.867	353.41	355.752	-15.182	-10.597	-10.87	-10.86	-1.087
3.92	355.17	108.586	44.234	75.748	77.802	354.169	356.53	-15.157	-10.579	-10.852	-10.858	-1.085
3.93	355.928	108.495	44.234	75.684	77.737	354.927	357.307	-15.131	-10.562	-10.834	-10.856	-1.083
3.94	356.685	108.404	44.234	75.621	77.672	355.684	358.084	-15.106	-10.544	-10.816	-10.854	-1.082
3.95	357.442	108.313	44.234	75.557	77.606	356.441	358.86	-15.081	-10.526	-10.798	-10.853	-1.08
3.96	358.198	108.222	44.234	75.494	77.541	357.197	359.636	-15.055	-10.509	-10.78	-10.851	-1.078
3.97	358.953	108.131	44.233	75.43	77.476	357.952	360.411	-15.03	-10.491	-10.762	-10.849	-1.076
3.98	359.708	108.118	44.193	75.367	77.519	358.707	361.186	-15.005	-10.473	-10.759	-10.847	-1.076
3.99	360.462	108.029	44.152	75.25	77.51	359.461	361.961	-15.001	-10.456	-10.756	-10.846	-1.076
4.0	361.215	107.94	44.152	75.188	77.446	360.214	362.736	-14.977	-10.439	-10.738	-10.844	-1.074
4.01	361.967	107.851	44.152	75.126	77.382	360.966	363.51	-14.952	-10.421	-10.721	-10.842	-1.072
4.02	362.719	107.762	44.152	75.064	77.318	361.718	364.283	-14.927	-10.404	-10.703	-10.84	-1.07
4.03	363.47	107.673	44.152	75.002	77.255	362.469	365.056	-14.903	-10.387	-10.685	-10.839	-1.069
4.04	364.22	107.584	44.152	74.94	77.191	363.219	365.828	-14.878	-10.37	-10.668	-10.837	-1.067
4.05	364.97	107.495	44.152	74.878	77.127	363.969	366.599	-14.853	-10.353	-10.65	-10.835	-1.065
4.06	365.719	107.406	44.152	74.816	77.063	364.718	367.37	-14.829	-10.336	-10.632	-10.834	-1.063
4.07	366.468	107.317	44.152	74.754	76.999	365.467	368.14	-14.804	-10.319	-10.615	-10.832	-1.061
4.08	367.216	107.228	44.152	74.692	76.936	366.215	368.909	-14.78	-10.302	-10.597	-10.83	-1.06
4.09	367.963	107.139	44.152	74.63	76.872	366.962	369.678	-14.755	-10.284	-10.58	-10.828	-1.058
4.1	368.71	107.051	44.152	74.568	76.808	367.709	370.446	-14.731	-10.267	-10.562	-10.827	-1.056
4.11	369.456	106.963	44.152	74.506	76.745	368.455	371.214	-14.707	-10.251	-10.545	-10.825	-1.054
4.12	370.202	106.875	44.152	74.445	76.682	369.201	371.981	-14.682	-10.234	-10.527	-10.823	-1.053
4.13	370.947	106.787	44.152	74.384	76.619	369.946	372.747	-14.658	-10.217	-10.51	-10.822	-1.051
4.14	371.691	106.699	44.152	74.322	76.556	370.69	373.513	-14.634	-10.2	-10.493	-10.82	-1.049
4.15	372.435	106.611	44.152	74.261	76.493	371.434	374.278	-14.61	-10.183	-10.475	-10.818	-1.048
4.16	373.178	106.523	44.152	74.2	76.43	372.177	375.042	-14.586	-10.166	-10.458	-10.817	-1.046
4.17	373.92	106.435	44.152	74.138	76.367	372.919	375.806	-14.562	-10.15	-10.441	-10.815	-1.044
4.18	374.662	106.347	44.152	74.077	76.303	373.661	376.569	-14.538	-10.133	-10.424	-10.813	-1.042
4.19	375.403	106.259	44.152	74.016	76.24	374.402	377.332	-14.514	-10.116	-10.406	-10.812	-1.041
4.2	376.144	106.171	44.152	73.954	76.177	375.143	378.094	-14.49	-10.099	-10.389	-10.81	-1.039
4.21	376.884	106.083	44.152	73.893	76.114	375.883	378.855	-14.466	-10.083	-10.372	-10.808	-1.037
4.22	377.623	105.995	44.152	73.832	76.051	376.622	379.616	-14.442	-10.066	-10.355	-10.807	-1.035
4.23	378.362	105.907	44.152	73.77	75.988	377.361	380.376	-14.418	-10.049	-10.338	-10.805	-1.034
4.24	379.1	105.819	44.152	73.709	75.925	378.099	381.135	-14.394	-10.033	-10.321	-10.803	-1.032
4.25	379.838	105.731	44.152	73.648	75.862	378.837	381.894	-14.37	-10.016	-10.303	-10.802	-1.03
4.26	380.575	105.643	44.152	73.587	75.799	379.574	382.652	-14.346	-9.999	-10.286	-10.8	-1.029
4.27	381.311	105.555	44.152	73.525	75.736	380.31	383.409	-14.322	-9.983	-10.269	-10.798	-1.027
4.28	382.047	105.467	44.151	73.464	75.673	381.046	384.166	-14.298	-9.966	-10.252	-10.797	-1.025
4.29	382.782	105.455	44.112	73.403	75.715	381.781	384.923	-14.275	-9.949	-10.249	-10.795	-1.025
4.3	383.516	105.369	44.07	73.289	75.706	382.515	385.68	-14.271	-9.933	-10.247	-10.793	-1.025
4.31	384.249	105.283	44.07	73.229	75.645	383.248	386.437	-14.248	-9.917	-10.23	-10.792	-1.023
4.32	384.982	105.197	44.07	73.169	75.583	383.981	387.193	-14.225	-9.901	-10.213	-10.79	-1.021
4.33	385.714	105.111	44.07	73.109	75.521	384.713	387.948	-14.202	-9.884	-10.197	-10.788	-1.02
4.34	386.446	105.025	44.07	73.049	75.46	385.445	388.703	-14.178	-9.868	-10.18	-10.787	-1.018
4.35	387.177	104.94	44.07	72.99	75.398	386.176	389.457	-14.155	-9.852	-10.163	-10.785	-1.016
4.36	387.907	104.855	44.07	72.93	75.337	386.906	390.21	-14.132	-9.836	-10.147	-10.784	-1.015
4.37	388.637	104.77	44.07	72.871	75.276	387.636	390.963	-14.109	-9.82	-10.131	-10.782	-1.013
4.38	389.366	104.685	44.07	72.812	75.215	388.365	391.715	-14.087	-9.804	-10.114	-10.78	-1.011
4.39	390.095	104.6	44.07	72.753	75.154	389.094	392.467	-14.064	-9.788	-10.098	-10.779	-1.01
4.4	390.823	104.515	44.07	72.694	75.093	389.822	393.218	-14.041	-9.772	-10.081	-10.777	-1.008
4.41	391.55	104.43	44.07	72.635	75.032	390.549	393.968	-14.018	-9.757	-10.065	-10.776	-1.007
4.42	392.277	104.345	44.07	72.576	74.971	391.276	394.718	-13.995	-9.741	-10.049	-10.774	-1.005
4.43	393.003	104.26	44.07	72.516	74.91	392.002	395.467	-13.973	-9.725	-10.032	-10.772	-1.003
4.44	393.729	104.175	44.07	72.457	74.849	392.728	396.216	-13.95	-9.709	-10.016	-10.771	-1.002
4.45	394.454	104.09	44.07	72.398	74.788	393.453	396.964	-13.927	-9.693	-10.0	-10.769	-1.0
4.46	395.178	104.005	44.07	72.339	74.727	394.177	397.711	-13.904	-9.677	-9.983	-10.768	-0.998
4.47	395.902	103.92	44.07	72.28	74.666	394.901	398.458	-13.882	-9.662	-9.967	-10.766	-0.997
4.48	396.625	103.835	44.07	72.221	74.605	395.624	399.204	-13.859	-9.646	-9.951	-10.765	-0.995
4.49	397.348	103.75	44.07	72.162	74.544	396.347	399.95	-13.836	-9.63	-9.934	-10.763	-0.993
4.5	398.07	103.665	44.07	72.102	74.483	397.069	400.695	-13.814	-9.614	-9.918	-10.761	-0.992
4.51	398.792	103.58	44.07	72.043	74.422	397.791	401.439	-13.791	-9.599	-9.902	-10.76	-0.99
4.52	399.513	103.495	44.07	71.984	74.361	398.512	402.183	-13.768	-9.583	-9.886	-10.758	-0.989
4.53	400.233	103.41	44.07	71.925	74.3	399.232	402.926	-13.746	-9.567	-9.87	-10.757	-0.987
4.54	400.953	103.325	44.07	71.866	74.239	399.952	403.668	-13.723	-9.551	-9.853	-10.755	-0.985
4.55	401.672	103.24	44.07	71.807	74.178	400.671	404.41	-13.701	-9.536	-9.837	-10.754	-0.984
4.56	402.391	103.155	44.07	71.748	74.116	401.39	405.151	-13.678	-9.52	-9.821	-10.752	-0.982
4.57	403.109	103.07	44.07	71.688	74.055	402.108	405.892	-13.656	-9.504	-9.805	-10.75	-0.98
4.58	403.826	102.985	44.069	71.629	73.994	402.825	406.632	-13.633	-9.489	-9.789	-10.749	-0.979
4.59	404.543	102.974	44.03	71.57	74.036	403.542	407.372	-13.611	-9.473	-9.786	-10.747	-0.979
4.6	405.259	102.892	43.988	71.459	74.029	404.258	408.112	-13.608	-9.457	-9.784	-10.746	-0.978
4.61	405.974	102.81	43.988	71.402	73.97	404.973	408.852	-13.586	-9.442	-9.768	-10.744	-0.977
4.62	406.689	102.728	43.988	71.346	73.911	405.688	409.591	-13.564	-9.427	-9.753	-10.743	-0.975
4.63	407.403	102.646	43.988	71.289	73.852	406.402	410.33	-13.543	-9.412	-9.737	-10.741	-0.974
4.64	408.116	102.564	43.988	71.232	73.793	407.115	411.068	-13.521	-9.397	-9.722	-10.74	-0.972
4.65	408.829	102.482	43.988	71.175	73.734	407.828	411.805	-13.5	-9.382	-9.706	-10.738	-0.971
4.66	409.541	102.4	43.988	71.118	73.675	408.54	412.542	-13.478	-9.367	-9.691	-10.737	-0.969
4.67	410.253	102.318	43.988	71.061	73.616	409.252	413.278	-13.457	-9.352	-9.675	-10.735	-0.968
4.68	410.964	102.236	43.988	71.004	73.557	409.963	414.014	-13.435	-9.337	-9.66	-10.734	-0.966
4.69	411.675	102.154	43.988	70.947	73.498	410.674	414.749	-13.413	-9.322	-9.644	-10.732	-0.964
4.7	412.385	102.072	43.988	70.89	73.439	411.384	415.483	-13.392	-9.307	-9.629	-10.731	-0.963
4.71	413.094	101.99	43.988	70.833	73.38	412.093	416.217	-13.37	-9.292	-9.613	-10.729	-0.961
4.72	413.803	101.908	43.988	70.776	73.321	412.802	416.95	-13.349	-9.278	-9.598	-10.728	-0.96
4.73	414.511	101.826	43.988	70.719	73.262	413.51	417.683	-13.328	-9.263	-9.582	-10.726	-0.958
4.74	415.219	101.744	43.988	70.662	73.203	414.218	418.415	-13.306	-9.248	-9.567	-10.725	-0.957
4.75	415.926	101.662	43.988	70.605	73.144	414.925	419.147	-13.285	-9.233	-9.552	-10.723	-0.955
4.76	416.633	101.58	43.988	70.548	73.085	415.632	419.878	-13.263	-9.218	-9.536	-10.722	-0.954
4.77	417.339	101.498	43.988	70.491	73.026	416.338	420.608	-13.242	-9.203	-9.521	-10.72	-0.952
4.78	418.044	101.416	43.988	70.434	72.968	417.043	421.338	-13.22	-9.188	-9.506	-10.719	-0.951
4.79	418.749	101.334	43.988	70.377	72.909	417.748	422.067	-13.199	-9.173	-9.49	-10.717	-0.949
4.8	419.453	101.252	43.988	70.32	72.85	418.452	422.796	-13.178	-9.159	-9.475	-10.716	-0.947
4.81	420.157	101.17	43.988	70.263	72.791	419.156	423.524	-13.156	-9.144	-9.46	-10.714	-0.946
4.82	420.86	101.088	43.988	70.206	72.732	419.859	424.251	-13.135	-9.129	-9.444	-10.713	-0.944
4.83	421.563	101.006	43.988	70.149	72.673	420.562	424.978	-13.114	-9.114	-9.429	-10.711	-0.943
4.84	422.265	100.924	43.988	70.092	72.614	421.264	425.704	-13.093	-9.099	-9.414	-10.71	-0.941
4.85	422.966	100.842	43.988	70.035	72.555	421.965	426.43	-13.071	-9.085	-9.398	-10.708	-0.94
4.86	423.667	100.76	43.988	69.978	72.496	422.666	427.155	-13.05	-9.07	-9.383	-10.707	-0.938
4.87	424.367	100.678	43.988	69.921	72.437	423.366	427.879	-13.029	-9.055	-9.368	-10.706	-0.937
4.88	425.067	100.596	43.987	69.864	72.378	424.066	428.603	-13.008	-9.04	-9.353	-10.704	-0.935
4.89	425.765	100.444	43.946	69.707	72.319	424.764	429.326	-12.987	-9.013	-9.337	-10.701	-0.934
4.9	426.462	100.365	43.906	69.601	72.31	425.461	430.049	-12.947	-8.985	-9.322	-10.699	-0.932
4.91	427.158	100.216	43.865	69.446	72.253	426.157	430.772	-12.927	-8.958	-9.307	-10.696	-0.931
4.92	427.852	100.14	43.825	69.343	72.246	426.851	431.495	-12.889	-8.932	-9.293	-10.693	-0.929
4.93	428.545	99.994	43.784	69.19	72.192	427.544	432.217	-12.869	-8.905	-9.279	-10.691	-0.928
4.94	429.237	99.921	43.744	69.089	72.186	428.236	432.939	-12.832	-8.879	-9.264	-10.688	-0.926
4.95	429.927	99.779	43.703	68.939	72.134	428.926	433.66	-12.813	-8.854	-9.251	-10.685	-0.925
4.96	430.616	99.709	43.663	68.84	72.131	429.615	434.381	-12.776	-8.829	-9.237	-10.683	-0.924
4.97	431.304	99.57	43.621	68.692	72.08	430.303	435.102	-12.759	-8.803	-9.224	-10.68	-0.922
4.98	431.991	99.503	43.582	68.597	72.079	430.99	435.823	-12.723	-8.779	-9.211	-10.678	-0.921
4.99	432.677	99.368	43.54	68.451	72.031	431.676	436.543	-12.706	-8.754	-9.199	-10.675	-0.92
5.0	433.362	99.305	43.501	68.358	72.033	432.361	437.263	-12.671	-8.731	-9.187	-10.673	-0.919
5.01	434.045	99.174	43.459	68.215	71.987	433.044	437.983	-12.655	-8.707	-9.175	-10.671	-0.918
5.02	434.727	99.115	43.419	68.125	71.991	433.726	438.703	-12.622	-8.684	-9.164	-10.668	-0.916
5.03	435.408	98.988	43.378	67.985	71.948	434.407	439.423	-12.607	-8.661	-9.153	-10.666	-0.915
5.04	436.088	98.933	43.338	67.898	71.955	435.087	440.143	-12.575	-8.639	-9.142	-10.664	-0.914
5.05	436.767	98.81	43.297	67.761	71.915	435.766	440.862	-12.561	-8.617	-9.132	-10.662	-0.913
5.06	437.445	98.759	43.257	67.677	71.925	436.444	441.581	-12.53	-8.595	-9.121	-10.66	-0.912
5.07	438.121	98.64	43.215	67.543	71.887	437.12	442.3	-12.517	-8.574	-9.112	-10.657	-0.911
5.08	438.797	98.593	43.176	67.462	71.899	437.796	443.019	-12.486	-8.553	-9.103	-10.655	-0.91
5.09	439.471	98.479	43.134	67.331	71.865	438.47	443.738	-12.475	-8.533	-9.094	-10.653	-0.909
5.1	440.145	98.437	43.095	67.253	71.881	439.144	444.457	-12.446	-8.513	-9.085	-10.651	-0.909
5.11	440.817	98.328	43.053	67.126	71.85	439.816	445.176	-12.435	-8.493	-9.078	-10.649	-0.908
5.12	441.489	98.29	43.014	67.052	71.869	440.488	445.895	-12.408	-8.474	-9.07	-10.647	-0.907
5.13	442.159	98.185	42.972	66.927	71.841	441.158	446.613	-12.398	-8.455	-9.063	-10.646	-0.906
5.14	442.829	98.152	42.933	66.856	71.862	441.828	447.332	-12.372	-8.437	-9.056	-10.644	-0.906
5.15	443.497	98.053	42.891	66.735	71.838	442.496	448.05	-12.363	-8.419	-9.05	-10.642	-0.905
5.16	444.165	98.025	42.852	66.668	71.864	443.164	448.769	-12.338	-8.402	-9.044	-10.64	-0.904
5.17	444.832	97.931	42.81	66.551	71.843	443.831	449.488	-12.331	-8.385	-9.039	-10.639	-0.904
5.18	445.498	97.909	42.771	66.487	71.872	444.497	450.207	-12.308	-8.369	-9.034	-10.637	-0.903
5.19	446.163	97.82	42.729	66.374	71.856	445.162	450.926	-12.302	-8.353	-9.03	-10.635	-0.903
5.2	446.827	97.803	42.69	66.313	71.889	445.826	451.645	-12.28	-8.338	-9.026	-10.634	-0.903
5.21	447.49	97.72	42.648	66.204	71.876	446.489	452.364	-12.275	-8.323	-9.022	-10.632	-0.902
5.22	448.152	97.643	42.567	66.05	71.913	447.151	453.083	-12.255	-8.296	-9.019	-10.63	-0.902
5.23	448.812	97.5	42.524	65.9	71.856	447.811	453.802	-12.235	-8.271	-9.005	-10.627	-0.901
5.24	449.471	97.429	42.486	65.804	71.849	448.47	454.521	-12.199	-8.247	-8.991	-10.625	-0.899
5.25	450.129	97.292	42.443	65.658	71.796	449.128	455.239	-12.182	-8.223	-8.978	-10.622	-0.898
5.26	450.786	97.227	42.404	65.566	71.793	449.785	455.957	-12.147	-8.2	-8.965	-10.62	-0.896
5.27	451.441	97.096	42.362	65.425	71.745	450.44	456.675	-12.131	-8.176	-8.953	-10.618	-0.895
5.28	452.095	97.037	42.323	65.337	71.745	451.094	457.393	-12.099	-8.154	-8.941	-10.615	-0.894
5.29	452.748	96.913	42.281	65.2	71.701	451.747	458.11	-12.084	-8.132	-8.93	-10.613	-0.893
5.3	453.4	96.861	42.242	65.116	71.707	452.399	458.827	-12.053	-8.112	-8.919	-10.611	-0.892
5.31	454.051	96.744	42.2	64.985	71.668	453.05	459.544	-12.04	-8.091	-8.91	-10.609	-0.891
5.32	454.701	96.698	42.161	64.906	71.678	453.7	460.261	-12.011	-8.071	-8.9	-10.607	-0.89
5.33	455.35	96.587	42.119	64.778	71.644	454.349	460.978	-12.0	-8.052	-8.892	-10.605	-0.889
5.34	455.998	96.548	42.08	64.704	71.659	454.997	461.695	-11.972	-8.033	-8.883	-10.603	-0.888
5.35	456.645	96.445	42.038	64.581	71.63	455.644	462.411	-11.962	-8.015	-8.876	-10.601	-0.888
5.36	457.291	96.413	41.999	64.512	71.65	456.29	463.128	-11.937	-7.998	-8.869	-10.6	-0.887
5.37	457.936	96.317	41.957	64.394	71.626	456.935	463.844	-11.929	-7.98	-8.863	-10.598	-0.886
5.38	458.58	96.292	41.918	64.33	71.651	457.579	464.561	-11.905	-7.965	-8.858	-10.596	-0.886
5.39	459.223	96.203	41.876	64.217	71.632	458.222	465.277	-11.899	-7.949	-8.853	-10.595	-0.885
5.4	459.866	96.186	41.837	64.158	71.662	458.865	465.994	-11.877	-7.934	-8.848	-10.593	-0.885
5.41	460.508	96.105	41.795	64.05	71.65	459.507	466.711	-11.873	-7.919	-8.845	-10.592	-0.885
5.42	461.148	96.031	41.714	63.9	71.685	460.147	467.428	-11.853	-7.894	-8.842	-10.589	-0.884
5.43	461.787	95.894	41.671	63.755	71.63	460.786	468.144	-11.835	-7.87	-8.829	-10.587	-0.883
5.44	462.425	95.828	41.633	63.664	71.624	461.424	468.86	-11.801	-7.848	-8.815	-10.585	-0.882
5.45	463.061	95.699	41.59	63.524	71.575	462.06	469.576	-11.785	-7.825	-8.803	-10.583	-0.88
5.46	463.696	95.641	41.552	63.438	71.574	462.695	470.292	-11.753	-7.804	-8.791	-10.58	-0.879
5.47	464.33	95.52	41.509	63.304	71.531	463.329	471.007	-11.739	-7.783	-8.781	-10.578	-0.878
5.48	464.963	95.471	41.471	63.224	71.536	463.962	471.722	-11.709	-7.763	-8.77	-10.576	-0.877
5.49	465.595	95.358	41.428	63.096	71.499	464.594	472.437	-11.697	-7.743	-8.761	-10.574	-0.876
5.5	466.226	95.317	41.39	63.021	71.51	465.225	473.152	-11.669	-7.725	-8.752	-10.573	-0.875
5.51	466.856	95.213	41.347	62.899	71.479	465.855	473.867	-11.659	-7.707	-8.744	-10.571	-0.874
5.52	467.485	95.181	41.309	62.83	71.496	466.484	474.582	-11.634	-7.69	-8.737	-10.569	-0.874
5.53	468.113	95.086	41.266	62.714	71.472	467.112	475.297	-11.626	-7.673	-8.731	-10.567	-0.873
5.54	468.741	95.062	41.228	62.651	71.496	467.74	476.012	-11.603	-7.658	-8.725	-10.566	-0.873
5.55	469.367	94.976	41.185	62.54	71.478	468.366	476.727	-11.597	-7.642	-8.721	-10.564	-0.872
5.56	469.992	94.899	41.104	62.389	71.508	468.991	477.442	-11.576	-7.617	-8.717	-10.562	-0.872
5.57	470.615	94.831	41.023	62.243	71.545	469.614	478.158	-11.557	-7.593	-8.714	-10.559	-0.871
5.58	471.237	94.701	40.979	62.104	71.494	470.236	478.873	-11.541	-7.571	-8.702	-10.557	-0.87
5.59	471.858	94.642	40.942	62.018	71.491	470.857	479.588	-11.509	-7.55	-8.689	-10.555	-0.869
5.6	472.478	94.521	40.898	61.885	71.446	471.477	480.303	-11.495	-7.529	-8.679	-10.553	-0.868
5.61	473.097	94.472	40.861	61.806	71.449	472.096	481.018	-11.465	-7.51	-8.668	-10.551	-0.867
5.62	473.715	94.361	40.817	61.679	71.412	472.714	481.732	-11.454	-7.491	-8.659	-10.549	-0.866
5.63	474.332	94.322	40.78	61.607	71.423	473.331	482.446	-11.427	-7.473	-8.65	-10.547	-0.865
5.64	474.948	94.221	40.736	61.487	71.393	473.947	483.16	-11.417	-7.455	-8.643	-10.546	-0.864
5.65	475.563	94.191	40.699	61.421	71.411	474.562	483.874	-11.393	-7.439	-8.636	-10.544	-0.864
5.66	476.177	94.1	40.656	61.307	71.388	475.176	484.588	-11.385	-7.423	-8.63	-10.542	-0.863
5.67	476.791	94.081	40.618	61.248	71.413	475.79	485.302	-11.363	-7.409	-8.625	-10.541	-0.862
5.68	477.403	94.0	40.575	61.141	71.399	476.402	486.016	-11.359	-7.395	-8.621	-10.539	-0.862
5.69	478.014	93.93	40.494	60.995	71.431	477.013	486.73	-11.339	-7.371	-8.618	-10.537	-0.862
