t_resolution                            - 0.01
accuracy                                - 3

u                                       - 94.44
density                                 - 1.225
C                                       - 1.47
r                                       - 0.0213
start_angle                             - 45.0
start_height                            - 1.0
m                                       - 0.045
g_acceleration                          - -9.8

t	s	v	angle	v_vertical	v_horizontal	s_vertical	s_horizontal	air_resistance	air_resistance_vertical	air_resistance_horizontal	acceleration_vertical	acceleration_horizontal
0	1.0	94.44	45.0	66.76907999999999	66.76907999999999	0.0	0.0	-	-	-	-	-
0.01	1.668	91.813	44.957	64.873	64.971	0.668	0.668	-11.446	-8.092	-8.092	-189.626	-179.826
0.02	2.317	89.39	44.915	63.114	63.302	1.317	1.318	-10.818	-7.648	-7.659	-179.76	-170.201
0.03	2.948	87.029	44.873	61.403	61.675	1.948	1.951	-10.254	-7.24	-7.26	-170.68	-161.336
0.04	3.562	84.847	44.832	59.82	60.172	2.562	2.568	-9.72	-6.862	-6.891	-162.294	-153.142
0.05	4.16	82.713	44.79	58.272	58.701	3.16	3.17	-9.239	-6.513	-6.55	-154.538	-145.559
0.06	4.743	80.738	44.748	56.839	57.341	3.743	3.757	-8.78	-6.19	-6.234	-147.349	-138.524
0.07	5.311	78.799	44.706	55.433	56.004	4.311	4.33	-8.365	-5.889	-5.939	-140.673	-131.988
0.08	5.865	76.949	44.624	54.053	54.767	4.865	4.89	-7.968	-5.602	-5.666	-134.285	-125.902
0.09	6.405	75.182	44.542	52.735	53.585	5.405	5.438	-7.599	-5.334	-5.41	-128.339	-120.228
0.1	6.932	73.493	44.459	51.475	52.455	5.932	5.974	-7.254	-5.085	-5.172	-122.797	-114.931
0.11	7.446	71.877	44.377	50.269	51.374	6.446	6.499	-6.931	-4.852	-4.949	-117.623	-109.979
0.12	7.948	70.329	44.295	49.114	50.339	6.948	7.013	-6.63	-4.634	-4.74	-112.786	-105.343
0.13	8.439	68.845	44.212	48.007	49.346	7.439	7.517	-6.347	-4.431	-4.545	-108.256	-100.995
0.14	8.919	67.422	44.13	46.945	48.393	7.919	8.011	-6.082	-4.239	-4.361	-104.01	-96.913
0.15	9.388	66.055	44.048	45.925	47.478	8.388	8.495	-5.834	-4.06	-4.189	-100.026	-93.078
0.16	9.847	64.742	43.965	44.945	46.599	8.847	8.97	-5.599	-3.892	-4.026	-96.28	-89.466
0.17	10.296	63.48	43.883	44.003	45.754	9.296	9.436	-5.379	-3.733	-3.873	-92.757	-86.065
0.18	10.736	62.266	43.801	43.097	44.941	9.736	9.894	-5.171	-3.584	-3.729	-89.439	-82.857
0.19	11.167	61.097	43.718	42.225	44.158	10.167	10.344	-4.975	-3.443	-3.592	-86.312	-79.829
0.2	11.589	59.971	43.636	41.384	43.403	10.589	10.786	-4.79	-3.31	-3.463	-83.359	-76.966
0.21	12.003	58.886	43.554	40.574	42.676	11.003	11.22	-4.615	-3.185	-3.342	-80.57	-74.258
0.22	12.409	57.84	43.471	39.793	41.975	11.409	11.647	-4.45	-3.066	-3.226	-77.934	-71.694
0.23	12.807	56.831	43.389	39.04	41.299	11.807	12.067	-4.293	-2.954	-3.117	-75.439	-69.265
0.24	13.197	55.857	43.307	38.312	40.647	12.197	12.48	-4.145	-2.847	-3.013	-73.077	-66.961
0.25	13.58	54.916	43.224	37.61	40.016	12.58	12.887	-4.004	-2.747	-2.915	-70.838	-64.775
0.26	13.956	54.007	43.142	36.93	39.407	12.956	13.287	-3.87	-2.651	-2.821	-68.713	-62.697
0.27	14.325	53.128	43.06	36.274	38.818	13.325	13.681	-3.743	-2.56	-2.732	-66.695	-60.722
0.28	14.688	52.278	42.977	35.639	38.248	13.688	14.069	-3.622	-2.474	-2.648	-64.778	-58.842
0.29	15.045	51.456	42.895	35.024	37.697	14.045	14.452	-3.507	-2.392	-2.567	-62.955	-57.052
0.3	15.395	50.661	42.813	34.429	37.164	14.395	14.829	-3.398	-2.314	-2.491	-61.221	-55.347
0.31	15.739	49.891	42.73	33.854	36.648	14.739	15.201	-3.294	-2.24	-2.418	-59.571	-53.723
0.32	16.078	49.146	42.648	33.296	36.148	15.078	15.568	-3.194	-2.169	-2.348	-57.999	-52.174
0.33	16.411	48.392	42.524	32.708	35.664	15.411	15.93	-3.1	-2.098	-2.281	-56.432	-50.696
0.34	16.738	47.661	42.441	32.164	35.173	15.738	16.287	-3.005	-2.032	-2.215	-54.945	-49.219
0.35	17.06	46.953	42.359	31.636	34.696	16.06	16.639	-2.915	-1.968	-2.151	-53.527	-47.808
0.36	17.376	46.268	42.277	31.125	34.234	16.376	16.986	-2.829	-1.907	-2.091	-52.175	-46.461
0.37	17.687	45.604	42.194	30.63	33.787	16.687	17.328	-2.747	-1.849	-2.033	-50.886	-45.177
0.38	17.993	44.96	42.112	30.149	33.353	16.993	17.666	-2.669	-1.794	-1.978	-49.656	-43.949
0.39	18.295	44.336	42.03	29.683	32.933	17.295	18.0	-2.594	-1.741	-1.925	-48.481	-42.774
0.4	18.592	43.731	41.947	29.232	32.525	17.592	18.329	-2.523	-1.69	-1.874	-47.358	-41.651
0.41	18.884	43.115	41.822	28.75	32.13	17.884	18.654	-2.454	-1.639	-1.826	-46.231	-40.576
0.42	19.172	42.518	41.74	28.306	31.726	18.172	18.975	-2.386	-1.591	-1.777	-45.159	-39.494
0.43	19.455	41.939	41.657	27.876	31.334	18.455	19.292	-2.32	-1.545	-1.731	-44.135	-38.46
0.44	19.734	41.377	41.575	27.458	30.954	18.734	19.605	-2.257	-1.501	-1.686	-43.156	-37.469
0.45	20.009	40.832	41.493	27.052	30.585	19.009	19.914	-2.197	-1.459	-1.643	-42.219	-36.521
0.46	20.28	40.303	41.41	26.658	30.227	19.28	20.22	-2.14	-1.419	-1.603	-41.324	-35.613
0.47	20.546	39.764	41.285	26.236	29.88	19.546	20.522	-2.085	-1.378	-1.563	-40.419	-34.742
0.48	20.808	39.241	41.202	25.849	29.524	19.808	20.821	-2.029	-1.339	-1.524	-39.561	-33.864
0.49	21.067	38.733	41.12	25.472	29.179	20.067	21.116	-1.976	-1.302	-1.486	-38.739	-33.023
0.5	21.322	38.24	41.038	25.107	28.844	20.322	21.408	-1.925	-1.267	-1.45	-37.952	-32.216
0.51	21.573	37.762	40.955	24.752	28.519	20.573	21.696	-1.877	-1.233	-1.415	-37.198	-31.443
0.52	21.82	37.273	40.829	24.37	28.203	20.82	21.981	-1.83	-1.199	-1.382	-36.436	-30.703
0.53	22.064	36.827	40.71	24.019	27.916	21.064	22.263	-1.783	-1.166	-1.35	-35.711	-29.992
0.54	22.304	36.37	40.584	23.661	27.622	21.304	22.542	-1.74	-1.135	-1.319	-35.017	-29.317
0.55	22.541	35.927	40.501	23.333	27.319	21.541	22.818	-1.698	-1.105	-1.288	-34.358	-28.632
0.56	22.774	35.474	40.375	22.98	27.025	21.774	23.091	-1.656	-1.075	-1.259	-33.689	-27.975
0.57	23.004	35.061	40.256	22.657	26.758	22.004	23.361	-1.615	-1.046	-1.231	-33.055	-27.346
0.58	23.23	34.638	40.129	22.325	26.484	22.23	23.629	-1.578	-1.019	-1.204	-32.447	-26.748
0.59	23.453	34.254	40.01	22.023	26.236	22.453	23.894	-1.54	-0.993	-1.178	-31.869	-26.175
0.6	23.673	33.86	39.884	21.712	25.982	22.673	24.156	-1.506	-0.968	-1.153	-31.316	-25.631
0.61	23.89	33.456	39.758	21.397	25.72	22.89	24.416	-1.471	-0.943	-1.129	-30.758	-25.078
0.62	24.104	33.09	39.638	21.11	25.482	23.104	24.673	-1.436	-0.919	-1.105	-30.229	-24.547
0.63	24.315	32.714	39.512	20.814	25.239	23.315	24.928	-1.405	-0.896	-1.082	-29.722	-24.044
0.64	24.523	32.329	39.385	20.514	24.987	23.523	25.18	-1.373	-0.873	-1.059	-29.211	-23.531
0.65	24.728	31.981	39.267	20.242	24.76	23.728	25.43	-1.341	-0.852	-1.037	-28.727	-23.04
0.66	24.93	31.624	39.14	19.961	24.528	23.93	25.678	-1.313	-0.831	-1.016	-28.263	-22.576
0.67	25.13	31.282	38.977	19.677	24.319	24.13	25.923	-1.283	-0.81	-0.996	-27.796	-22.132
0.68	25.327	30.932	38.85	19.403	24.089	24.327	26.166	-1.256	-0.79	-0.976	-27.353	-21.684
0.69	25.521	30.597	38.687	19.125	23.883	24.521	26.407	-1.228	-0.77	-0.957	-26.908	-21.256
0.7	25.712	30.278	38.524	18.858	23.688	24.712	26.646	-1.201	-0.751	-0.938	-26.486	-20.851
0.71	25.901	29.95	38.397	18.602	23.473	24.901	26.883	-1.176	-0.733	-0.92	-26.088	-20.445
0.72	26.087	29.638	38.234	18.342	23.28	25.087	27.118	-1.151	-0.715	-0.902	-25.686	-20.055
0.73	26.27	29.318	38.107	18.093	23.069	25.27	27.351	-1.127	-0.698	-0.885	-25.306	-19.665
0.74	26.451	29.013	37.944	17.84	22.88	25.451	27.582	-1.103	-0.681	-0.868	-24.924	-19.291
0.75	26.629	28.724	37.781	17.597	22.702	25.629	27.811	-1.08	-0.664	-0.852	-24.563	-18.94
0.76	26.805	28.427	37.654	17.366	22.506	25.805	28.038	-1.059	-0.649	-0.836	-24.223	-18.588
0.77	26.979	28.145	37.491	17.13	22.332	25.979	28.263	-1.037	-0.634	-0.821	-23.881	-18.252
0.78	27.15	27.856	37.363	16.905	22.14	26.15	28.486	-1.017	-0.619	-0.806	-23.558	-17.914
0.79	27.319	27.582	37.201	16.676	21.97	26.319	28.707	-0.996	-0.604	-0.792	-23.232	-17.592
0.8	27.486	27.323	37.038	16.458	21.81	26.486	28.927	-0.976	-0.591	-0.778	-22.926	-17.291
0.81	27.65	27.04	36.865	16.222	21.634	26.65	29.145	-0.958	-0.577	-0.765	-22.617	-16.989
0.82	27.812	26.773	36.702	16.001	21.465	26.812	29.361	-0.938	-0.563	-0.751	-22.311	-16.681
0.83	27.972	26.521	36.54	15.79	21.308	26.972	29.576	-0.92	-0.55	-0.738	-22.024	-16.394
0.84	28.13	26.247	36.366	15.563	21.135	27.13	29.789	-0.903	-0.537	-0.725	-21.735	-16.107
0.85	28.286	25.988	36.203	15.35	20.971	27.286	30.0	-0.884	-0.524	-0.712	-21.45	-15.815
0.86	28.44	25.744	36.041	15.147	20.817	27.44	30.21	-0.867	-0.512	-0.699	-21.183	-15.543
0.87	28.591	25.5	35.832	14.928	20.674	27.591	30.418	-0.851	-0.5	-0.688	-20.913	-15.29
0.88	28.74	25.257	35.624	14.711	20.53	27.74	30.625	-0.834	-0.488	-0.677	-20.648	-15.039
0.89	28.887	25.014	35.415	14.496	20.386	27.887	30.83	-0.819	-0.476	-0.666	-20.388	-14.79
0.9	29.032	24.772	35.206	14.282	20.241	28.032	31.034	-0.803	-0.465	-0.654	-20.132	-14.543
0.91	29.175	24.546	35.045	14.094	20.096	28.175	31.236	-0.788	-0.454	-0.643	-19.898	-14.298
0.92	29.316	24.321	34.836	13.893	19.962	28.316	31.437	-0.773	-0.444	-0.633	-19.663	-14.072
0.93	29.455	24.097	34.627	13.693	19.829	28.455	31.637	-0.759	-0.433	-0.623	-19.432	-13.849
0.94	29.592	23.875	34.418	13.495	19.696	28.592	31.835	-0.745	-0.423	-0.613	-19.206	-13.628
0.95	29.727	23.655	34.209	13.3	19.563	28.727	32.032	-0.732	-0.413	-0.603	-18.984	-13.411
0.96	29.86	23.438	34.0	13.106	19.431	28.86	32.228	-0.718	-0.404	-0.594	-18.768	-13.197
0.97	29.991	23.223	33.792	12.916	19.3	28.991	32.422	-0.705	-0.394	-0.584	-18.557	-12.987
0.98	30.12	23.011	33.583	12.728	19.171	29.12	32.615	-0.692	-0.385	-0.575	-18.351	-12.781
0.99	30.247	22.802	33.374	12.544	19.042	29.247	32.807	-0.68	-0.376	-0.566	-18.151	-12.579
1.0	30.372	22.597	33.165	12.362	18.916	29.372	32.997	-0.667	-0.367	-0.557	-17.955	-12.381
1.01	30.496	22.395	32.956	12.183	18.792	29.496	33.186	-0.655	-0.358	-0.548	-17.765	-12.188
1.02	30.618	22.197	32.747	12.007	18.669	29.618	33.374	-0.644	-0.35	-0.54	-17.581	-12.0
1.03	30.738	22.003	32.538	11.835	18.55	29.738	33.561	-0.632	-0.342	-0.532	-17.402	-11.817
1.04	30.856	21.813	32.329	11.665	18.432	29.856	33.746	-0.621	-0.334	-0.524	-17.228	-11.639
1.05	30.973	21.628	32.12	11.499	18.317	29.973	33.93	-0.611	-0.327	-0.516	-17.059	-11.466
1.06	31.088	21.447	31.911	11.337	18.206	30.088	34.113	-0.6	-0.319	-0.508	-16.897	-11.299
1.07	31.201	21.271	31.702	11.178	18.097	30.201	34.295	-0.59	-0.312	-0.501	-16.739	-11.137
1.08	31.313	21.1	31.494	11.023	17.992	30.313	34.476	-0.581	-0.305	-0.494	-16.587	-10.981
1.09	31.423	20.923	31.236	10.85	17.89	30.423	34.656	-0.571	-0.298	-0.487	-16.428	-10.83
1.1	31.532	20.751	31.027	10.696	17.782	30.532	34.835	-0.562	-0.292	-0.48	-16.279	-10.674
1.11	31.639	20.575	30.769	10.526	17.678	30.639	35.013	-0.553	-0.285	-0.474	-16.124	-10.524
1.12	31.744	20.405	30.56	10.375	17.57	30.744	35.19	-0.543	-0.278	-0.467	-15.981	-10.37
1.13	31.848	20.23	30.302	10.207	17.466	30.848	35.366	-0.534	-0.271	-0.46	-15.832	-10.223
1.14	31.95	20.062	30.093	10.059	17.358	30.95	35.541	-0.525	-0.265	-0.453	-15.694	-10.072
1.15	32.051	19.891	29.835	9.896	17.254	31.051	35.715	-0.517	-0.259	-0.447	-15.551	-9.929
1.16	32.15	19.727	29.626	9.752	17.148	31.15	35.887	-0.508	-0.253	-0.44	-15.419	-9.783
1.17	32.247	19.56	29.367	9.592	17.046	31.247	36.058	-0.499	-0.247	-0.434	-15.282	-9.644
1.18	32.343	19.391	29.109	9.433	16.942	31.343	36.228	-0.491	-0.241	-0.428	-15.146	-9.503
1.19	32.437	19.237	28.822	9.274	16.854	31.437	36.397	-0.483	-0.235	-0.422	-15.011	-9.372
1.2	32.53	19.082	28.563	9.123	16.759	31.53	36.566	-0.475	-0.229	-0.416	-14.887	-9.245
1.21	32.621	18.925	28.304	8.974	16.663	31.621	36.734	-0.467	-0.223	-0.41	-14.764	-9.117
1.22	32.711	18.768	28.045	8.824	16.564	31.711	36.901	-0.46	-0.218	-0.404	-14.641	-8.988
1.23	32.799	18.627	27.759	8.676	16.483	31.799	37.067	-0.452	-0.212	-0.399	-14.521	-8.87
1.24	32.886	18.486	27.5	8.536	16.397	31.886	37.232	-0.445	-0.207	-0.394	-14.411	-8.757
1.25	32.971	18.345	27.242	8.398	16.311	31.971	37.396	-0.439	-0.203	-0.389	-14.302	-8.644
1.26	33.055	18.205	26.983	8.26	16.223	32.055	37.559	-0.432	-0.198	-0.384	-14.196	-8.532
1.27	33.138	18.066	26.724	8.124	16.136	32.138	37.721	-0.425	-0.193	-0.379	-14.091	-8.421
1.28	33.219	17.929	26.465	7.99	16.05	32.219	37.882	-0.419	-0.188	-0.374	-13.988	-8.312
1.29	33.299	17.793	26.206	7.857	15.964	32.299	38.042	-0.413	-0.184	-0.369	-13.889	-8.205
1.3	33.378	17.659	25.947	7.727	15.879	32.378	38.202	-0.406	-0.18	-0.364	-13.791	-8.099
1.31	33.455	17.528	25.688	7.598	15.795	32.455	38.361	-0.4	-0.175	-0.36	-13.695	-7.995
1.32	33.531	17.392	25.377	7.454	15.714	32.531	38.519	-0.394	-0.171	-0.355	-13.594	-7.894
1.33	33.606	17.275	25.093	7.326	15.644	32.606	38.676	-0.388	-0.167	-0.351	-13.501	-7.798
1.34	33.679	17.154	24.783	7.191	15.574	32.679	38.833	-0.383	-0.162	-0.347	-13.408	-7.711
1.35	33.751	17.029	24.472	7.054	15.5	32.751	38.989	-0.378	-0.158	-0.343	-13.316	-7.62
1.36	33.822	16.902	24.161	6.918	15.421	32.822	39.144	-0.372	-0.154	-0.339	-13.224	-7.526
1.37	33.891	16.772	23.849	6.782	15.34	32.891	39.298	-0.367	-0.15	-0.334	-13.132	-7.43
1.38	33.959	16.656	23.515	6.645	15.273	32.959	39.451	-0.361	-0.146	-0.33	-13.041	-7.34
1.39	34.025	16.539	23.203	6.516	15.201	33.025	39.604	-0.356	-0.142	-0.326	-12.957	-7.255
1.4	34.09	16.421	22.892	6.388	15.128	33.09	39.756	-0.351	-0.138	-0.323	-12.874	-7.169
1.41	34.154	16.303	22.58	6.26	15.053	33.154	39.907	-0.346	-0.135	-0.319	-12.791	-7.082
1.42	34.217	16.185	22.269	6.133	14.978	33.217	40.057	-0.341	-0.131	-0.315	-12.711	-6.996
1.43	34.278	16.067	21.957	6.008	14.902	33.278	40.207	-0.336	-0.127	-0.311	-12.631	-6.91
1.44	34.338	15.951	21.645	5.884	14.826	33.338	40.356	-0.331	-0.124	-0.307	-12.553	-6.824
1.45	34.397	15.836	21.334	5.761	14.751	33.397	40.504	-0.327	-0.12	-0.303	-12.477	-6.741
1.46	34.455	15.723	21.022	5.64	14.677	33.455	40.651	-0.322	-0.117	-0.3	-12.403	-6.658
1.47	34.511	15.613	20.71	5.521	14.604	33.511	40.798	-0.317	-0.114	-0.296	-12.331	-6.578
1.48	34.566	15.505	20.398	5.404	14.533	33.566	40.944	-0.313	-0.111	-0.292	-12.261	-6.5
1.49	34.62	15.401	20.087	5.289	14.464	33.62	41.089	-0.309	-0.108	-0.289	-12.193	-6.424
1.5	34.673	15.295	19.722	5.161	14.398	33.673	41.234	-0.304	-0.104	-0.286	-12.12	-6.352
1.51	34.725	15.188	19.356	5.034	14.33	33.725	41.378	-0.3	-0.101	-0.283	-12.048	-6.278
1.52	34.775	15.081	18.99	4.907	14.26	33.775	41.521	-0.296	-0.098	-0.279	-11.977	-6.203
1.53	34.824	14.989	18.606	4.782	14.205	33.824	41.664	-0.292	-0.095	-0.276	-11.908	-6.136
1.54	34.872	14.897	18.241	4.663	14.149	33.872	41.806	-0.288	-0.092	-0.273	-11.844	-6.074
1.55	34.919	14.807	17.876	4.545	14.092	33.919	41.948	-0.285	-0.089	-0.271	-11.781	-6.012
1.56	34.964	14.719	17.51	4.429	14.037	33.964	42.089	-0.281	-0.086	-0.268	-11.72	-5.952
1.57	35.008	14.633	17.145	4.314	13.983	34.008	42.229	-0.278	-0.084	-0.265	-11.66	-5.894
1.58	35.051	14.55	16.78	4.201	13.931	34.051	42.369	-0.275	-0.081	-0.263	-11.601	-5.838
1.59	35.093	14.457	16.432	4.09	13.867	34.093	42.508	-0.272	-0.079	-0.26	-11.545	-5.778
1.6	35.134	14.368	16.066	3.976	13.807	34.134	42.647	-0.268	-0.076	-0.257	-11.487	-5.716
1.61	35.174	14.284	15.701	3.866	13.751	34.174	42.785	-0.265	-0.073	-0.255	-11.431	-5.658
1.62	35.213	14.205	15.337	3.757	13.699	34.213	42.923	-0.262	-0.071	-0.252	-11.377	-5.603
1.63	35.251	14.115	14.932	3.637	13.638	34.251	43.06	-0.259	-0.068	-0.25	-11.319	-5.547
1.64	35.287	14.031	14.567	3.529	13.58	34.287	43.196	-0.256	-0.066	-0.247	-11.266	-5.489
1.65	35.322	13.954	14.203	3.424	13.528	34.322	43.332	-0.253	-0.064	-0.245	-11.215	-5.435
1.66	35.356	13.868	13.797	3.307	13.468	34.356	43.467	-0.25	-0.061	-0.242	-11.16	-5.381
1.67	35.389	13.787	13.377	3.19	13.413	34.389	43.602	-0.247	-0.059	-0.24	-11.105	-5.326
1.68	35.421	13.711	12.957	3.074	13.362	34.421	43.736	-0.244	-0.056	-0.237	-11.052	-5.274
1.69	35.452	13.641	12.538	2.961	13.316	34.452	43.87	-0.241	-0.054	-0.235	-11.001	-5.227
1.7	35.482	13.565	12.131	2.851	13.262	34.482	44.003	-0.239	-0.052	-0.233	-10.952	-5.179
1.71	35.51	13.496	11.712	2.74	13.215	34.51	44.136	-0.236	-0.05	-0.231	-10.902	-5.132
1.72	35.537	13.422	11.305	2.631	13.162	34.537	44.268	-0.234	-0.047	-0.229	-10.854	-5.085
1.73	35.563	13.357	10.886	2.523	13.117	34.563	44.4	-0.231	-0.045	-0.227	-10.807	-5.04
1.74	35.588	13.288	10.479	2.417	13.067	34.588	44.531	-0.229	-0.043	-0.225	-10.762	-4.996
1.75	35.612	13.216	10.072	2.311	13.013	34.612	44.662	-0.227	-0.041	-0.223	-10.716	-4.95
1.76	35.635	13.155	9.654	2.206	12.969	34.635	44.792	-0.224	-0.039	-0.221	-10.672	-4.906
1.77	35.657	13.092	9.247	2.104	12.922	34.657	44.922	-0.222	-0.037	-0.219	-10.629	-4.866
1.78	35.678	13.028	8.839	2.002	12.874	34.678	45.051	-0.22	-0.035	-0.217	-10.587	-4.824
1.79	35.698	12.964	8.431	1.901	12.824	34.698	45.18	-0.218	-0.034	-0.215	-10.545	-4.782
1.8	35.717	12.9	8.024	1.801	12.774	34.717	45.308	-0.216	-0.032	-0.213	-10.505	-4.74
1.81	35.735	12.837	7.616	1.701	12.724	34.735	45.436	-0.214	-0.03	-0.211	-10.464	-4.698
1.82	35.752	12.776	7.208	1.603	12.675	34.752	45.563	-0.211	-0.028	-0.21	-10.425	-4.657
1.83	35.768	12.716	6.744	1.493	12.628	34.768	45.69	-0.209	-0.026	-0.208	-10.382	-4.618
1.84	35.783	12.657	6.279	1.384	12.581	34.783	45.816	-0.208	-0.024	-0.206	-10.34	-4.579
1.85	35.797	12.6	5.815	1.277	12.536	34.797	45.942	-0.206	-0.022	-0.204	-10.298	-4.541
1.86	35.81	12.547	5.351	1.17	12.492	34.81	46.067	-0.204	-0.021	-0.203	-10.257	-4.505
1.87	35.822	12.498	4.887	1.065	12.452	34.822	46.192	-0.202	-0.019	-0.201	-10.218	-4.472
1.88	35.833	12.441	4.428	0.961	12.404	34.833	46.316	-0.2	-0.017	-0.2	-10.179	-4.437
1.89	35.843	12.389	3.964	0.857	12.36	34.843	46.44	-0.199	-0.015	-0.198	-10.14	-4.401
1.9	35.852	12.344	3.501	0.754	12.321	34.852	46.564	-0.197	-0.014	-0.197	-10.102	-4.368
1.91	35.86	12.293	3.042	0.652	12.276	34.86	46.687	-0.196	-0.012	-0.195	-10.065	-4.337
1.92	35.867	12.25	2.579	0.551	12.238	34.867	46.81	-0.194	-0.01	-0.194	-10.028	-4.305
1.93	35.873	12.203	2.119	0.451	12.195	34.873	46.932	-0.193	-0.009	-0.192	-9.993	-4.275
1.94	35.878	12.153	1.659	0.352	12.148	34.878	47.054	-0.191	-0.007	-0.191	-9.957	-4.242
1.95	35.882	12.114	1.198	0.253	12.111	34.882	47.176	-0.19	-0.005	-0.19	-9.922	-4.212
1.96	35.885	12.073	0.738	0.156	12.072	34.885	47.297	-0.188	-0.004	-0.188	-9.888	-4.185
1.97	35.887	12.032	0.278	0.058	12.031	34.887	47.418	-0.187	-0.002	-0.187	-9.854	-4.157
1.98	35.888	11.991	-0.182	-0.038	11.991	34.888	47.538	-0.186	-0.001	-0.186	-9.821	-4.129
1.99	35.888	11.951	-0.642	-0.134	11.95	34.888	47.658	-0.185	0.001	-0.185	-9.788	-4.1
2.0	35.887	11.912	-1.102	-0.229	11.91	34.887	47.778	-0.183	0.002	-0.183	-9.755	-4.073
2.01	35.885	11.876	-1.561	-0.324	11.872	34.885	47.897	-0.182	0.003	-0.182	-9.723	-4.047
2.02	35.882	11.843	-2.021	-0.418	11.836	34.882	48.016	-0.181	0.005	-0.181	-9.691	-4.022
2.03	35.878	11.802	-2.482	-0.511	11.791	34.878	48.134	-0.18	0.006	-0.18	-9.66	-3.996
2.04	35.873	11.766	-2.941	-0.604	11.751	34.873	48.252	-0.179	0.008	-0.179	-9.629	-3.968
2.05	35.867	11.735	-3.4	-0.696	11.715	34.867	48.37	-0.178	0.009	-0.177	-9.599	-3.944
2.06	35.86	11.699	-3.862	-0.788	11.672	34.86	48.487	-0.177	0.01	-0.176	-9.568	-3.919
2.07	35.852	11.67	-4.321	-0.879	11.637	34.852	48.604	-0.176	0.012	-0.175	-9.538	-3.895
2.08	35.843	11.637	-4.783	-0.97	11.596	34.843	48.72	-0.175	0.013	-0.174	-9.509	-3.872
2.09	35.833	11.612	-5.241	-1.061	11.564	34.833	48.836	-0.174	0.014	-0.173	-9.479	-3.85
2.1	35.822	11.585	-5.703	-1.151	11.527	34.822	48.952	-0.173	0.016	-0.172	-9.45	-3.83
2.11	35.811	11.556	-6.166	-1.241	11.489	34.811	49.067	-0.172	0.017	-0.171	-9.421	-3.808
2.12	35.799	11.526	-6.628	-1.33	11.449	34.799	49.182	-0.171	0.018	-0.17	-9.393	-3.785
2.13	35.786	11.496	-7.091	-1.419	11.408	34.786	49.296	-0.17	0.02	-0.169	-9.364	-3.762
2.14	35.772	11.466	-7.554	-1.507	11.367	34.772	49.41	-0.17	0.021	-0.168	-9.336	-3.739
2.15	35.757	11.437	-8.017	-1.595	11.326	34.757	49.524	-0.169	0.022	-0.167	-9.309	-3.716
2.16	35.741	11.41	-8.48	-1.683	11.286	34.741	49.637	-0.168	0.023	-0.166	-9.281	-3.693
2.17	35.724	11.386	-8.942	-1.77	11.248	34.724	49.75	-0.167	0.025	-0.165	-9.254	-3.672
2.18	35.706	11.366	-9.404	-1.857	11.213	34.706	49.862	-0.166	0.026	-0.164	-9.227	-3.653
2.19	35.687	11.35	-9.866	-1.945	11.182	34.687	49.974	-0.166	0.027	-0.164	-9.199	-3.636
2.2	35.668	11.327	-10.337	-2.033	11.144	34.668	50.086	-0.165	0.028	-0.163	-9.172	-3.619
2.21	35.648	11.31	-10.798	-2.119	11.11	34.648	50.197	-0.165	0.029	-0.162	-9.145	-3.6
2.22	35.627	11.288	-11.27	-2.206	11.071	34.627	50.308	-0.164	0.031	-0.161	-9.118	-3.582
2.23	35.605	11.273	-11.731	-2.292	11.038	34.605	50.419	-0.164	0.032	-0.16	-9.091	-3.565
2.24	35.582	11.255	-12.203	-2.379	11.001	34.582	50.529	-0.163	0.033	-0.16	-9.064	-3.548
2.25	35.558	11.235	-12.675	-2.465	10.961	34.558	50.639	-0.163	0.034	-0.159	-9.038	-3.529
2.26	35.533	11.224	-13.135	-2.551	10.93	34.533	50.749	-0.162	0.035	-0.158	-9.012	-3.513
2.27	35.508	11.212	-13.607	-2.638	10.897	34.508	50.858	-0.162	0.037	-0.157	-8.984	-3.499
2.28	35.482	11.2	-14.079	-2.724	10.863	34.482	50.967	-0.161	0.038	-0.157	-8.958	-3.485
2.29	35.455	11.188	-14.551	-2.811	10.829	34.455	51.076	-0.161	0.039	-0.156	-8.931	-3.47
2.3	35.427	11.177	-15.023	-2.897	10.795	34.427	51.184	-0.161	0.04	-0.155	-8.904	-3.455
2.31	35.398	11.168	-15.495	-2.984	10.763	34.398	51.292	-0.16	0.042	-0.155	-8.877	-3.441
2.32	35.368	11.162	-15.966	-3.07	10.732	34.368	51.4	-0.16	0.043	-0.154	-8.85	-3.429
2.33	35.337	11.149	-16.453	-3.158	10.693	34.337	51.507	-0.16	0.044	-0.154	-8.823	-3.415
2.34	35.305	11.14	-16.925	-3.243	10.658	34.305	51.614	-0.16	0.045	-0.153	-8.797	-3.399
2.35	35.273	11.136	-17.396	-3.329	10.627	34.273	51.721	-0.159	0.046	-0.152	-8.77	-3.387
2.36	35.24	11.128	-17.883	-3.417	10.59	34.24	51.827	-0.159	0.048	-0.152	-8.743	-3.374
2.37	35.206	11.126	-18.354	-3.503	10.56	34.206	51.933	-0.159	0.049	-0.151	-8.716	-3.362
2.38	35.171	11.121	-18.842	-3.592	10.525	34.171	52.039	-0.159	0.05	-0.151	-8.688	-3.35
2.39	35.135	11.114	-19.33	-3.679	10.487	34.135	52.144	-0.159	0.051	-0.15	-8.661	-3.337
2.4	35.098	11.115	-19.799	-3.765	10.458	34.098	52.249	-0.159	0.052	-0.15	-8.634	-3.325
2.41	35.06	11.116	-20.287	-3.854	10.426	34.06	52.354	-0.159	0.054	-0.149	-8.606	-3.315
2.42	35.021	11.117	-20.775	-3.943	10.394	34.021	52.458	-0.159	0.055	-0.149	-8.577	-3.305
2.43	34.982	11.118	-21.263	-4.032	10.361	33.982	52.562	-0.159	0.056	-0.148	-8.549	-3.295
2.44	34.942	11.121	-21.751	-4.121	10.329	33.942	52.666	-0.159	0.058	-0.148	-8.52	-3.285
2.45	34.901	11.126	-22.238	-4.211	10.299	33.901	52.769	-0.159	0.059	-0.147	-8.491	-3.277
2.46	34.859	11.13	-22.673	-4.29	10.27	33.859	52.872	-0.159	0.06	-0.147	-8.466	-3.269
2.47	34.816	11.134	-23.107	-4.369	10.24	33.816	52.975	-0.159	0.061	-0.147	-8.44	-3.261
2.48	34.772	11.138	-23.542	-4.449	10.211	33.772	53.077	-0.159	0.062	-0.146	-8.414	-3.252
2.49	34.728	11.143	-23.977	-4.528	10.181	33.728	53.179	-0.159	0.064	-0.146	-8.388	-3.244
2.5	34.683	11.149	-24.411	-4.608	10.152	33.683	53.281	-0.159	0.065	-0.146	-8.362	-3.236
2.51	34.637	11.157	-24.845	-4.688	10.124	33.637	53.383	-0.16	0.066	-0.145	-8.336	-3.229
2.52	34.59	11.158	-25.304	-4.769	10.087	33.59	53.484	-0.16	0.067	-0.145	-8.309	-3.22
2.53	34.542	11.162	-25.738	-4.847	10.055	33.542	53.585	-0.16	0.068	-0.144	-8.284	-3.21
2.54	34.494	11.17	-26.172	-4.927	10.025	33.494	53.686	-0.16	0.069	-0.144	-8.258	-3.201
2.55	34.445	11.173	-26.632	-5.008	9.988	33.445	53.786	-0.16	0.071	-0.144	-8.231	-3.192
2.56	34.395	11.181	-27.065	-5.088	9.957	33.395	53.886	-0.16	0.072	-0.143	-8.205	-3.183
2.57	34.344	11.185	-27.525	-5.169	9.919	33.344	53.986	-0.16	0.073	-0.143	-8.178	-3.173
2.58	34.292	11.196	-27.958	-5.249	9.889	33.292	54.085	-0.161	0.074	-0.142	-8.152	-3.165
2.59	34.239	11.205	-28.417	-5.332	9.855	33.239	54.184	-0.161	0.075	-0.142	-8.123	-3.157
2.6	34.186	11.222	-28.849	-5.415	9.829	33.186	54.283	-0.161	0.077	-0.142	-8.096	-3.151
2.61	34.132	11.237	-29.309	-5.501	9.799	33.132	54.381	-0.162	0.078	-0.142	-8.065	-3.146
2.62	34.077	11.252	-29.768	-5.586	9.767	33.077	54.479	-0.162	0.079	-0.141	-8.036	-3.14
2.63	34.021	11.262	-30.178	-5.661	9.735	33.021	54.577	-0.162	0.081	-0.141	-8.009	-3.134
2.64	33.964	11.273	-30.637	-5.745	9.699	32.964	54.674	-0.163	0.082	-0.141	-7.981	-3.125
2.65	33.907	11.285	-31.097	-5.829	9.664	32.907	54.771	-0.163	0.083	-0.14	-7.952	-3.117
2.66	33.849	11.294	-31.508	-5.902	9.629	32.849	54.868	-0.163	0.084	-0.14	-7.926	-3.109
2.67	33.79	11.316	-31.937	-5.986	9.603	32.79	54.964	-0.164	0.086	-0.14	-7.898	-3.103
2.68	33.73	11.335	-32.347	-6.065	9.576	32.73	55.06	-0.164	0.087	-0.14	-7.868	-3.1
2.69	33.669	11.352	-32.757	-6.143	9.547	32.669	55.156	-0.165	0.088	-0.139	-7.84	-3.096
2.7	33.608	11.368	-33.168	-6.22	9.516	32.608	55.251	-0.165	0.089	-0.139	-7.812	-3.091
2.71	33.546	11.384	-33.578	-6.296	9.484	32.546	55.346	-0.166	0.091	-0.139	-7.784	-3.085
2.72	33.483	11.4	-33.989	-6.373	9.452	32.483	55.441	-0.166	0.092	-0.139	-7.756	-3.079
2.73	33.419	11.416	-34.4	-6.45	9.42	32.419	55.536	-0.167	0.093	-0.138	-7.728	-3.072
2.74	33.354	11.434	-34.81	-6.527	9.388	32.354	55.63	-0.167	0.094	-0.138	-7.7	-3.066
2.75	33.289	11.453	-35.221	-6.606	9.357	32.289	55.724	-0.168	0.096	-0.138	-7.671	-3.061
2.76	33.223	11.475	-35.631	-6.685	9.327	32.223	55.818	-0.168	0.097	-0.138	-7.642	-3.056
2.77	33.156	11.5	-36.041	-6.766	9.299	32.156	55.911	-0.169	0.099	-0.137	-7.611	-3.053
2.78	33.088	11.521	-36.405	-6.838	9.273	32.088	56.004	-0.17	0.1	-0.137	-7.582	-3.051
2.79	33.02	11.54	-36.769	-6.908	9.244	32.02	56.097	-0.17	0.101	-0.137	-7.555	-3.047
2.8	32.951	11.563	-37.179	-6.988	9.213	31.951	56.189	-0.171	0.102	-0.137	-7.525	-3.042
2.81	32.881	11.584	-37.543	-7.059	9.185	31.881	56.281	-0.172	0.104	-0.137	-7.497	-3.039
2.82	32.81	11.604	-37.907	-7.129	9.156	31.81	56.373	-0.172	0.105	-0.137	-7.469	-3.035
2.83	32.739	11.623	-38.271	-7.199	9.125	31.739	56.465	-0.173	0.106	-0.136	-7.442	-3.03
2.84	32.667	11.642	-38.636	-7.269	9.094	31.667	56.556	-0.173	0.107	-0.136	-7.415	-3.024
2.85	32.594	11.661	-39.0	-7.338	9.062	31.594	56.647	-0.174	0.109	-0.136	-7.388	-3.019
2.86	32.521	11.68	-39.365	-7.408	9.03	31.521	56.738	-0.175	0.11	-0.136	-7.361	-3.013
2.87	32.447	11.7	-39.729	-7.478	8.999	31.447	56.828	-0.175	0.111	-0.135	-7.333	-3.007
2.88	32.372	11.722	-40.093	-7.549	8.967	31.372	56.918	-0.176	0.112	-0.135	-7.305	-3.002
2.89	32.297	11.746	-40.457	-7.622	8.937	31.297	57.008	-0.176	0.114	-0.135	-7.276	-2.998
2.9	32.221	11.772	-40.821	-7.696	8.909	31.221	57.097	-0.177	0.115	-0.135	-7.246	-2.994
2.91	32.144	11.801	-41.185	-7.771	8.881	31.144	57.186	-0.178	0.116	-0.135	-7.215	-2.992
2.92	32.066	11.826	-41.506	-7.837	8.856	31.066	57.275	-0.179	0.118	-0.135	-7.187	-2.991
2.93	31.988	11.855	-41.869	-7.912	8.828	30.988	57.364	-0.179	0.119	-0.134	-7.156	-2.987
2.94	31.909	11.88	-42.19	-7.979	8.802	30.909	57.452	-0.18	0.12	-0.134	-7.127	-2.986
2.95	31.829	11.91	-42.554	-8.054	8.773	30.829	57.54	-0.181	0.122	-0.134	-7.095	-2.982
2.96	31.748	11.937	-42.875	-8.122	8.748	30.748	57.628	-0.182	0.123	-0.134	-7.065	-2.981
2.97	31.667	11.961	-43.196	-8.188	8.72	30.667	57.715	-0.183	0.124	-0.134	-7.037	-2.979
2.98	31.585	11.983	-43.518	-8.251	8.69	30.585	57.802	-0.184	0.126	-0.134	-7.009	-2.974
2.99	31.502	12.012	-43.88	-8.326	8.658	30.502	57.889	-0.184	0.127	-0.134	-6.979	-2.969
3.0	31.419	12.04	-44.202	-8.394	8.631	30.419	57.976	-0.185	0.128	-0.134	-6.948	-2.967
3.01	31.335	12.067	-44.523	-8.461	8.603	30.335	58.062	-0.186	0.13	-0.133	-6.919	-2.964
3.02	31.25	12.093	-44.845	-8.528	8.574	30.25	58.148	-0.187	0.131	-0.133	-6.889	-2.961
3.03	31.165	12.119	-45.166	-8.594	8.544	30.165	58.234	-0.188	0.132	-0.133	-6.86	-2.957
3.04	31.079	12.145	-45.488	-8.661	8.514	30.079	58.319	-0.188	0.134	-0.133	-6.83	-2.953
3.05	30.992	12.172	-45.81	-8.727	8.484	29.992	58.404	-0.189	0.135	-0.133	-6.801	-2.949
3.06	30.905	12.2	-46.131	-8.795	8.454	29.905	58.489	-0.19	0.136	-0.133	-6.771	-2.945
3.07	30.817	12.229	-46.453	-8.864	8.425	29.817	58.574	-0.191	0.138	-0.132	-6.74	-2.942
3.08	30.728	12.26	-46.774	-8.933	8.396	29.728	58.658	-0.192	0.139	-0.132	-6.708	-2.938
3.09	30.639	12.293	-47.095	-9.004	8.369	29.639	58.742	-0.193	0.141	-0.132	-6.675	-2.936
3.1	30.549	12.319	-47.378	-9.065	8.342	29.549	58.826	-0.194	0.142	-0.132	-6.645	-2.935
3.11	30.458	12.348	-47.699	-9.133	8.311	29.458	58.909	-0.195	0.143	-0.132	-6.615	-2.93
3.12	30.367	12.38	-48.02	-9.203	8.281	29.367	58.992	-0.196	0.145	-0.132	-6.582	-2.926
3.13	30.275	12.407	-48.303	-9.264	8.253	29.275	59.075	-0.197	0.146	-0.132	-6.552	-2.924
3.14	30.182	12.438	-48.624	-9.333	8.221	29.182	59.158	-0.198	0.148	-0.131	-6.521	-2.919
3.15	30.089	12.464	-48.907	-9.393	8.192	29.089	59.24	-0.199	0.149	-0.131	-6.491	-2.916
3.16	29.995	12.495	-49.228	-9.462	8.16	28.995	59.322	-0.199	0.15	-0.131	-6.46	-2.911
3.17	29.9	12.521	-49.511	-9.523	8.13	28.9	59.404	-0.2	0.152	-0.131	-6.43	-2.907
3.18	29.805	12.553	-49.832	-9.592	8.097	28.805	59.485	-0.201	0.153	-0.131	-6.398	-2.902
3.19	29.709	12.581	-50.115	-9.654	8.068	28.709	59.566	-0.202	0.154	-0.13	-6.367	-2.899
3.2	29.613	12.606	-50.399	-9.713	8.035	28.613	59.647	-0.203	0.156	-0.13	-6.338	-2.893
3.21	29.516	12.638	-50.719	-9.782	8.001	28.516	59.727	-0.204	0.157	-0.13	-6.306	-2.887
3.22	29.418	12.667	-51.003	-9.845	7.971	28.418	59.807	-0.205	0.159	-0.13	-6.275	-2.883
3.23	29.32	12.694	-51.287	-9.905	7.939	28.32	59.887	-0.206	0.16	-0.13	-6.245	-2.878
3.24	29.221	12.719	-51.571	-9.963	7.905	28.221	59.966	-0.207	0.161	-0.129	-6.216	-2.872
3.25	29.121	12.75	-51.811	-10.021	7.883	28.121	60.045	-0.208	0.163	-0.129	-6.188	-2.87
3.26	29.021	12.779	-52.095	-10.083	7.851	28.021	60.124	-0.209	0.164	-0.129	-6.156	-2.865
3.27	28.92	12.807	-52.379	-10.144	7.818	27.92	60.202	-0.21	0.165	-0.129	-6.126	-2.859
3.28	28.819	12.834	-52.663	-10.204	7.784	27.819	60.28	-0.21	0.167	-0.128	-6.095	-2.853
3.29	28.717	12.868	-52.902	-10.264	7.762	27.717	60.358	-0.211	0.168	-0.128	-6.066	-2.851
3.3	28.614	12.902	-53.186	-10.329	7.731	27.614	60.436	-0.212	0.17	-0.128	-6.032	-2.847
3.31	28.511	12.936	-53.47	-10.394	7.7	27.511	60.513	-0.214	0.171	-0.128	-5.998	-2.844
3.32	28.407	12.97	-53.754	-10.46	7.669	27.407	60.59	-0.215	0.173	-0.128	-5.963	-2.839
3.33	28.302	12.994	-54.005	-10.513	7.637	27.302	60.667	-0.216	0.174	-0.128	-5.933	-2.835
3.34	28.197	13.027	-54.243	-10.571	7.612	27.197	60.743	-0.217	0.175	-0.127	-5.905	-2.831
3.35	28.091	13.061	-54.527	-10.637	7.58	27.091	60.819	-0.218	0.177	-0.127	-5.87	-2.826
3.36	27.985	13.086	-54.778	-10.69	7.547	26.985	60.895	-0.219	0.178	-0.127	-5.84	-2.822
3.37	27.878	13.12	-55.016	-10.749	7.522	26.878	60.971	-0.22	0.18	-0.127	-5.81	-2.818
3.38	27.771	13.145	-55.267	-10.803	7.49	26.771	61.046	-0.221	0.181	-0.127	-5.78	-2.813
3.39	27.663	13.18	-55.504	-10.863	7.465	26.663	61.121	-0.222	0.182	-0.126	-5.749	-2.809
3.4	27.554	13.207	-55.756	-10.917	7.432	26.554	61.196	-0.223	0.184	-0.126	-5.718	-2.804
3.41	27.445	13.244	-55.993	-10.979	7.408	26.445	61.27	-0.224	0.185	-0.126	-5.686	-2.801
3.42	27.335	13.274	-56.244	-11.036	7.375	26.335	61.344	-0.225	0.187	-0.126	-5.653	-2.796
3.43	27.225	13.303	-56.449	-11.087	7.352	26.225	61.418	-0.226	0.188	-0.126	-5.624	-2.794
3.44	27.114	13.332	-56.654	-11.137	7.329	26.114	61.492	-0.227	0.189	-0.126	-5.596	-2.791
3.45	27.003	13.361	-56.859	-11.188	7.305	26.003	61.565	-0.228	0.19	-0.125	-5.567	-2.788
3.46	26.891	13.391	-57.064	-11.239	7.281	25.891	61.638	-0.229	0.192	-0.125	-5.539	-2.785
3.47	26.779	13.421	-57.269	-11.29	7.257	25.779	61.711	-0.23	0.193	-0.125	-5.509	-2.782
3.48	26.666	13.452	-57.473	-11.342	7.233	25.666	61.784	-0.231	0.194	-0.125	-5.48	-2.779
3.49	26.553	13.484	-57.678	-11.395	7.209	25.553	61.856	-0.232	0.196	-0.125	-5.45	-2.776
3.5	26.439	13.517	-57.883	-11.448	7.186	25.439	61.928	-0.233	0.197	-0.125	-5.419	-2.774
3.51	26.325	13.551	-58.087	-11.503	7.163	25.325	62.0	-0.234	0.199	-0.125	-5.387	-2.772
3.52	26.21	13.586	-58.292	-11.558	7.141	25.21	62.072	-0.236	0.2	-0.125	-5.354	-2.77
3.53	26.094	13.623	-58.497	-11.615	7.119	25.094	62.143	-0.237	0.202	-0.125	-5.32	-2.769
3.54	25.978	13.661	-58.701	-11.673	7.097	24.978	62.214	-0.238	0.203	-0.125	-5.285	-2.768
3.55	25.861	13.69	-58.876	-11.719	7.076	24.861	62.285	-0.239	0.205	-0.125	-5.255	-2.768
3.56	25.744	13.721	-59.081	-11.771	7.05	24.744	62.356	-0.241	0.206	-0.124	-5.225	-2.763
3.57	25.626	13.754	-59.285	-11.825	7.025	24.626	62.427	-0.242	0.207	-0.124	-5.193	-2.76
3.58	25.508	13.789	-59.49	-11.88	7.001	24.508	62.497	-0.243	0.209	-0.124	-5.16	-2.757
3.59	25.389	13.827	-59.694	-11.937	6.977	24.389	62.567	-0.244	0.21	-0.124	-5.126	-2.755
3.6	25.27	13.856	-59.87	-11.984	6.955	24.27	62.637	-0.245	0.212	-0.124	-5.095	-2.753
3.61	25.15	13.888	-60.074	-12.036	6.928	24.15	62.707	-0.246	0.213	-0.124	-5.064	-2.749
3.62	25.03	13.923	-60.279	-12.091	6.903	24.03	62.776	-0.248	0.215	-0.124	-5.031	-2.745
3.63	24.909	13.949	-60.455	-12.135	6.878	23.909	62.845	-0.249	0.216	-0.123	-5.002	-2.742
3.64	24.788	13.979	-60.659	-12.185	6.85	23.788	62.914	-0.25	0.217	-0.123	-4.972	-2.736
3.65	24.666	14.012	-60.864	-12.239	6.822	23.666	62.982	-0.251	0.219	-0.123	-4.941	-2.731
3.66	24.544	14.037	-61.04	-12.282	6.797	23.544	63.05	-0.252	0.22	-0.123	-4.912	-2.727
3.67	24.421	14.066	-61.244	-12.331	6.767	23.421	63.118	-0.253	0.221	-0.122	-4.883	-2.72
3.68	24.298	14.099	-61.448	-12.384	6.739	23.298	63.186	-0.254	0.223	-0.122	-4.852	-2.714
3.69	24.174	14.124	-61.625	-12.427	6.712	23.174	63.253	-0.255	0.224	-0.122	-4.823	-2.71
3.7	24.05	14.154	-61.829	-12.477	6.682	23.05	63.32	-0.256	0.225	-0.122	-4.794	-2.702
3.71	23.925	14.188	-62.033	-12.531	6.654	22.925	63.387	-0.257	0.227	-0.121	-4.761	-2.697
3.72	23.8	14.215	-62.211	-12.575	6.627	22.8	63.454	-0.258	0.228	-0.121	-4.731	-2.692
3.73	23.674	14.247	-62.414	-12.627	6.597	22.674	63.52	-0.259	0.229	-0.121	-4.7	-2.685
3.74	23.548	14.272	-62.592	-12.67	6.57	22.548	63.586	-0.26	0.231	-0.121	-4.671	-2.68
3.75	23.421	14.302	-62.796	-12.72	6.538	22.421	63.652	-0.261	0.232	-0.12	-4.642	-2.672
3.76	23.294	14.325	-62.973	-12.761	6.509	22.294	63.717	-0.262	0.233	-0.12	-4.614	-2.666
3.77	23.166	14.354	-63.177	-12.809	6.477	22.166	63.782	-0.263	0.235	-0.12	-4.586	-2.657
3.78	23.038	14.376	-63.355	-12.849	6.447	22.038	63.847	-0.264	0.236	-0.119	-4.559	-2.65
3.79	22.909	14.404	-63.558	-12.897	6.414	21.909	63.911	-0.265	0.237	-0.119	-4.531	-2.64
3.8	22.78	14.426	-63.736	-12.937	6.383	21.78	63.975	-0.266	0.238	-0.118	-4.504	-2.633
3.81	22.651	14.461	-63.889	-12.985	6.364	21.651	64.039	-0.267	0.24	-0.118	-4.476	-2.629
3.82	22.521	14.489	-64.067	-13.03	6.337	21.521	64.103	-0.268	0.241	-0.118	-4.445	-2.624
3.83	22.391	14.511	-64.245	-13.07	6.306	21.391	64.166	-0.269	0.242	-0.118	-4.418	-2.616
3.84	22.26	14.547	-64.397	-13.118	6.286	21.26	64.229	-0.27	0.243	-0.118	-4.389	-2.612
3.85	22.129	14.577	-64.575	-13.165	6.258	21.129	64.292	-0.272	0.245	-0.117	-4.357	-2.607
3.86	21.997	14.601	-64.753	-13.206	6.228	20.997	64.355	-0.273	0.246	-0.117	-4.328	-2.6
3.87	21.865	14.626	-64.88	-13.242	6.209	20.865	64.417	-0.274	0.247	-0.117	-4.304	-2.596
3.88	21.733	14.651	-65.008	-13.279	6.19	20.733	64.479	-0.275	0.248	-0.117	-4.279	-2.593
3.89	21.6	14.671	-65.186	-13.316	6.157	20.6	64.541	-0.275	0.25	-0.116	-4.254	-2.583
3.9	21.467	14.705	-65.337	-13.364	6.136	20.467	64.603	-0.276	0.251	-0.116	-4.227	-2.578
3.91	21.333	14.734	-65.516	-13.409	6.106	20.333	64.664	-0.277	0.252	-0.116	-4.195	-2.571
3.92	21.199	14.758	-65.695	-13.45	6.074	20.199	64.725	-0.279	0.254	-0.115	-4.166	-2.563
3.93	21.065	14.783	-65.822	-13.486	6.055	20.065	64.786	-0.28	0.255	-0.115	-4.142	-2.559
3.94	20.93	14.809	-65.949	-13.523	6.035	19.93	64.847	-0.28	0.256	-0.115	-4.116	-2.555
3.95	20.795	14.836	-66.076	-13.562	6.017	19.795	64.907	-0.281	0.257	-0.115	-4.09	-2.552
3.96	20.659	14.865	-66.202	-13.601	5.998	19.659	64.967	-0.282	0.258	-0.115	-4.063	-2.548
3.97	20.523	14.895	-66.329	-13.642	5.98	19.523	65.027	-0.284	0.259	-0.115	-4.034	-2.546
3.98	20.387	14.92	-66.508	-13.684	5.948	19.387	65.087	-0.285	0.261	-0.114	-4.004	-2.537
3.99	20.25	14.947	-66.635	-13.721	5.928	19.25	65.147	-0.286	0.262	-0.114	-3.979	-2.533
4.0	20.113	14.976	-66.762	-13.761	5.909	19.113	65.206	-0.287	0.263	-0.114	-3.951	-2.529
4.01	19.975	15.006	-66.889	-13.802	5.89	18.975	65.265	-0.288	0.265	-0.114	-3.922	-2.526
4.02	19.837	15.038	-67.016	-13.844	5.872	18.837	65.324	-0.289	0.266	-0.114	-3.892	-2.524
4.03	19.699	15.066	-67.195	-13.889	5.84	18.699	65.383	-0.29	0.267	-0.113	-3.86	-2.515
4.04	19.56	15.096	-67.322	-13.929	5.82	18.56	65.441	-0.291	0.269	-0.113	-3.832	-2.512
4.05	19.421	15.128	-67.448	-13.972	5.802	18.421	65.499	-0.292	0.27	-0.113	-3.801	-2.509
4.06	19.281	15.163	-67.575	-14.016	5.784	18.281	65.557	-0.294	0.271	-0.113	-3.769	-2.506
4.07	19.141	15.18	-67.733	-14.048	5.752	18.141	65.615	-0.295	0.273	-0.112	-3.742	-2.498
4.08	19.001	15.199	-67.86	-14.079	5.728	18.001	65.673	-0.296	0.274	-0.112	-3.721	-2.491
4.09	18.86	15.221	-67.987	-14.111	5.705	17.86	65.73	-0.296	0.275	-0.112	-3.7	-2.484
4.1	18.719	15.245	-68.113	-14.147	5.683	17.719	65.787	-0.297	0.276	-0.111	-3.675	-2.478
4.11	18.578	15.272	-68.24	-14.184	5.662	17.578	65.844	-0.298	0.277	-0.111	-3.649	-2.472
4.12	18.436	15.302	-68.367	-14.224	5.641	17.436	65.901	-0.299	0.278	-0.111	-3.621	-2.468
4.13	18.294	15.334	-68.493	-14.267	5.622	17.294	65.957	-0.3	0.279	-0.111	-3.59	-2.464
4.14	18.151	15.355	-68.599	-14.296	5.603	17.151	66.013	-0.302	0.281	-0.111	-3.564	-2.461
4.15	18.008	15.379	-68.726	-14.331	5.58	17.008	66.069	-0.303	0.282	-0.11	-3.54	-2.454
4.16	17.865	15.406	-68.852	-14.368	5.558	16.865	66.125	-0.304	0.283	-0.11	-3.514	-2.448
4.17	17.721	15.436	-68.979	-14.409	5.537	16.721	66.181	-0.305	0.284	-0.11	-3.485	-2.443
4.18	17.577	15.455	-69.085	-14.436	5.517	16.577	66.236	-0.306	0.285	-0.11	-3.46	-2.439
4.19	17.433	15.477	-69.211	-14.469	5.493	16.433	66.291	-0.307	0.286	-0.109	-3.438	-2.432
4.2	17.288	15.502	-69.338	-14.505	5.47	16.288	66.346	-0.307	0.287	-0.109	-3.413	-2.425
4.21	17.143	15.531	-69.464	-14.544	5.448	16.143	66.401	-0.308	0.289	-0.109	-3.385	-2.419
4.22	16.998	15.549	-69.571	-14.571	5.427	15.998	66.456	-0.31	0.29	-0.109	-3.361	-2.414
4.23	16.852	15.57	-69.697	-14.603	5.403	15.852	66.51	-0.31	0.291	-0.108	-3.34	-2.406
4.24	16.706	15.595	-69.824	-14.638	5.379	15.706	66.564	-0.311	0.292	-0.108	-3.315	-2.399
4.25	16.56	15.623	-69.95	-14.677	5.356	15.56	66.618	-0.312	0.293	-0.108	-3.287	-2.393
4.26	16.413	15.641	-70.057	-14.703	5.335	15.413	66.672	-0.313	0.294	-0.107	-3.264	-2.387
4.27	16.266	15.662	-70.183	-14.735	5.31	15.266	66.725	-0.314	0.295	-0.107	-3.242	-2.379
4.28	16.119	15.687	-70.31	-14.77	5.286	15.119	66.778	-0.315	0.296	-0.107	-3.217	-2.371
4.29	15.971	15.716	-70.436	-14.809	5.263	14.971	66.831	-0.316	0.297	-0.106	-3.189	-2.365
4.3	15.823	15.735	-70.543	-14.836	5.241	14.823	66.884	-0.317	0.299	-0.106	-3.165	-2.36
4.31	15.675	15.758	-70.669	-14.87	5.216	14.675	66.936	-0.318	0.3	-0.106	-3.142	-2.351
4.32	15.526	15.785	-70.795	-14.907	5.192	14.526	66.988	-0.319	0.301	-0.105	-3.115	-2.344
4.33	15.377	15.802	-70.903	-14.932	5.17	14.377	67.04	-0.32	0.302	-0.105	-3.092	-2.338
4.34	15.228	15.823	-71.029	-14.964	5.144	14.228	67.092	-0.32	0.303	-0.105	-3.071	-2.329
4.35	15.078	15.849	-71.155	-14.999	5.119	14.078	67.143	-0.321	0.304	-0.104	-3.046	-2.32
4.36	14.928	15.864	-71.263	-15.023	5.096	13.928	67.194	-0.322	0.305	-0.104	-3.023	-2.314
4.37	14.778	15.884	-71.389	-15.053	5.069	13.778	67.245	-0.323	0.306	-0.104	-3.003	-2.304
4.38	14.627	15.909	-71.515	-15.088	5.044	13.627	67.296	-0.324	0.307	-0.103	-2.979	-2.295
4.39	14.476	15.923	-71.623	-15.111	5.02	13.476	67.346	-0.325	0.308	-0.103	-2.958	-2.288
4.4	14.325	15.942	-71.748	-15.14	4.993	13.325	67.396	-0.325	0.309	-0.102	-2.938	-2.278
4.41	14.174	15.966	-71.874	-15.174	4.967	13.174	67.446	-0.326	0.31	-0.102	-2.915	-2.269
4.42	14.022	15.98	-71.983	-15.197	4.943	13.022	67.496	-0.327	0.311	-0.102	-2.894	-2.261
4.43	13.87	15.999	-72.108	-15.226	4.915	12.87	67.545	-0.328	0.312	-0.101	-2.874	-2.25
4.44	13.718	16.024	-72.234	-15.26	4.889	12.718	67.594	-0.328	0.313	-0.101	-2.851	-2.241
4.45	13.565	16.039	-72.342	-15.283	4.865	12.565	67.643	-0.33	0.314	-0.101	-2.829	-2.233
4.46	13.412	16.059	-72.468	-15.313	4.838	12.412	67.692	-0.33	0.315	-0.1	-2.809	-2.223
4.47	13.259	16.085	-72.594	-15.348	4.812	12.259	67.74	-0.331	0.316	-0.1	-2.784	-2.214
4.48	13.106	16.101	-72.702	-15.373	4.787	12.106	67.788	-0.332	0.317	-0.099	-2.761	-2.206
4.49	12.952	16.123	-72.828	-15.404	4.76	11.952	67.836	-0.333	0.318	-0.099	-2.74	-2.196
4.5	12.798	16.135	-72.937	-15.425	4.734	11.798	67.884	-0.334	0.319	-0.098	-2.72	-2.187
4.51	12.644	16.153	-73.062	-15.452	4.706	11.644	67.931	-0.334	0.319	-0.098	-2.702	-2.175
4.52	12.489	16.177	-73.188	-15.485	4.679	11.489	67.978	-0.335	0.32	-0.097	-2.679	-2.165
4.53	12.334	16.191	-73.297	-15.508	4.654	11.334	68.025	-0.336	0.321	-0.097	-2.658	-2.157
4.54	12.179	16.211	-73.422	-15.537	4.625	11.179	68.071	-0.336	0.322	-0.097	-2.638	-2.146
4.55	12.024	16.222	-73.531	-15.556	4.599	11.024	68.117	-0.337	0.323	-0.096	-2.62	-2.136
4.56	11.868	16.239	-73.657	-15.583	4.57	10.868	68.163	-0.338	0.324	-0.096	-2.603	-2.124
4.57	11.712	16.262	-73.782	-15.615	4.542	10.712	68.209	-0.338	0.325	-0.095	-2.58	-2.113
4.58	11.556	16.276	-73.891	-15.637	4.516	10.556	68.254	-0.339	0.326	-0.095	-2.56	-2.104
4.59	11.4	16.297	-74.016	-15.667	4.488	10.4	68.299	-0.34	0.327	-0.094	-2.54	-2.093
4.6	11.243	16.309	-74.126	-15.687	4.461	10.243	68.344	-0.341	0.328	-0.094	-2.521	-2.083
4.61	11.086	16.332	-74.196	-15.714	4.448	10.086	68.389	-0.341	0.328	-0.094	-2.503	-2.078
4.62	10.929	16.346	-74.306	-15.736	4.422	9.929	68.433	-0.342	0.329	-0.093	-2.482	-2.069
4.63	10.772	16.366	-74.431	-15.766	4.393	9.772	68.477	-0.343	0.33	-0.093	-2.462	-2.057
4.64	10.614	16.377	-74.54	-15.785	4.366	9.614	68.521	-0.344	0.331	-0.092	-2.444	-2.047
4.65	10.456	16.4	-74.61	-15.812	4.352	9.456	68.565	-0.344	0.332	-0.092	-2.427	-2.042
4.66	10.298	16.414	-74.72	-15.834	4.326	9.298	68.608	-0.345	0.333	-0.091	-2.406	-2.033
4.67	10.14	16.439	-74.79	-15.863	4.313	9.14	68.651	-0.346	0.334	-0.091	-2.386	-2.028
4.68	9.981	16.455	-74.9	-15.887	4.287	8.981	68.694	-0.347	0.335	-0.091	-2.363	-2.019
4.69	9.822	16.467	-74.955	-15.903	4.275	8.822	68.737	-0.347	0.335	-0.091	-2.349	-2.015
4.7	9.663	16.491	-75.024	-15.93	4.261	8.663	68.78	-0.348	0.336	-0.09	-2.33	-2.011
4.71	9.504	16.506	-75.134	-15.953	4.235	8.504	68.823	-0.349	0.337	-0.09	-2.308	-2.001
4.72	9.344	16.532	-75.204	-15.984	4.222	8.344	68.865	-0.35	0.338	-0.09	-2.287	-1.997
4.73	9.184	16.55	-75.314	-16.009	4.196	8.184	68.907	-0.351	0.339	-0.089	-2.263	-1.988
4.74	9.024	16.563	-75.369	-16.026	4.184	8.024	68.949	-0.352	0.34	-0.089	-2.247	-1.984
4.75	8.864	16.588	-75.438	-16.055	4.171	7.864	68.991	-0.352	0.341	-0.089	-2.227	-1.979
4.76	8.703	16.605	-75.548	-16.079	4.144	7.703	69.033	-0.353	0.342	-0.089	-2.204	-1.97
4.77	8.542	16.617	-75.603	-16.096	4.132	7.542	69.075	-0.354	0.343	-0.088	-2.188	-1.966
4.78	8.381	16.641	-75.673	-16.124	4.118	7.381	69.116	-0.354	0.343	-0.088	-2.17	-1.961
4.79	8.22	16.657	-75.783	-16.147	4.091	7.22	69.157	-0.355	0.344	-0.088	-2.148	-1.951
4.8	8.059	16.669	-75.838	-16.162	4.078	7.059	69.198	-0.356	0.345	-0.088	-2.133	-1.946
4.81	7.897	16.692	-75.907	-16.19	4.064	6.897	69.239	-0.357	0.346	-0.087	-2.114	-1.941
4.82	7.735	16.707	-76.018	-16.212	4.037	6.735	69.28	-0.358	0.347	-0.087	-2.093	-1.931
4.83	7.573	16.718	-76.073	-16.227	4.024	6.573	69.32	-0.358	0.347	-0.087	-2.079	-1.926
4.84	7.411	16.741	-76.142	-16.254	4.01	6.411	69.36	-0.359	0.348	-0.086	-2.061	-1.921
4.85	7.248	16.76	-76.197	-16.276	3.999	6.248	69.4	-0.36	0.349	-0.086	-2.039	-1.918
4.86	7.085	16.775	-76.252	-16.294	3.986	6.085	69.44	-0.36	0.35	-0.086	-2.022	-1.915
4.87	6.922	16.786	-76.307	-16.309	3.973	5.922	69.48	-0.361	0.351	-0.086	-2.008	-1.91
4.88	6.759	16.809	-76.376	-16.336	3.959	5.759	69.52	-0.362	0.351	-0.086	-1.989	-1.904
4.89	6.596	16.828	-76.431	-16.358	3.948	5.596	69.56	-0.363	0.352	-0.086	-1.968	-1.902
4.9	6.432	16.843	-76.487	-16.376	3.936	5.432	69.6	-0.363	0.353	-0.085	-1.95	-1.898
4.91	6.268	16.854	-76.542	-16.391	3.922	5.268	69.639	-0.364	0.354	-0.085	-1.936	-1.893
4.92	6.104	16.877	-76.611	-16.418	3.908	5.104	69.678	-0.365	0.355	-0.085	-1.918	-1.887
4.93	5.94	16.896	-76.666	-16.44	3.897	4.94	69.717	-0.366	0.356	-0.085	-1.896	-1.885
4.94	5.776	16.911	-76.721	-16.459	3.884	4.776	69.756	-0.366	0.356	-0.085	-1.879	-1.881
4.95	5.611	16.922	-76.777	-16.473	3.871	4.611	69.795	-0.367	0.357	-0.084	-1.865	-1.876
4.96	5.446	16.929	-76.832	-16.484	3.856	4.446	69.834	-0.367	0.358	-0.084	-1.854	-1.87
4.97	5.281	16.948	-76.901	-16.507	3.841	4.281	69.873	-0.368	0.358	-0.084	-1.839	-1.863
4.98	5.116	16.963	-76.956	-16.526	3.829	4.116	69.911	-0.369	0.359	-0.084	-1.822	-1.859
4.99	4.951	16.974	-77.011	-16.54	3.815	3.951	69.949	-0.369	0.36	-0.083	-1.807	-1.855
5.0	4.786	16.981	-77.067	-16.551	3.801	3.786	69.987	-0.37	0.36	-0.083	-1.797	-1.849
5.01	4.62	17.001	-77.135	-16.574	3.785	3.62	70.025	-0.37	0.361	-0.083	-1.782	-1.842
5.02	4.454	17.017	-77.191	-16.594	3.773	3.454	70.063	-0.371	0.362	-0.083	-1.763	-1.838
5.03	4.288	17.029	-77.246	-16.609	3.759	3.288	70.101	-0.372	0.362	-0.082	-1.748	-1.833
5.04	4.122	17.037	-77.302	-16.621	3.745	3.122	70.139	-0.372	0.363	-0.082	-1.737	-1.828
5.05	3.956	17.058	-77.37	-16.645	3.73	2.956	70.176	-0.372	0.364	-0.082	-1.721	-1.821
5.06	3.79	17.075	-77.425	-16.666	3.718	2.79	70.213	-0.373	0.364	-0.082	-1.701	-1.817
5.07	3.623	17.088	-77.481	-16.682	3.704	2.623	70.25	-0.374	0.365	-0.082	-1.685	-1.813
5.08	3.456	17.098	-77.536	-16.695	3.69	2.456	70.287	-0.375	0.366	-0.081	-1.673	-1.807
5.09	3.289	17.104	-77.592	-16.704	3.675	2.289	70.324	-0.375	0.366	-0.081	-1.663	-1.801
5.1	3.122	17.123	-77.66	-16.727	3.659	2.122	70.361	-0.375	0.367	-0.081	-1.649	-1.794
5.11	2.955	17.138	-77.715	-16.745	3.646	1.955	70.398	-0.376	0.368	-0.081	-1.631	-1.789
5.12	2.788	17.149	-77.771	-16.76	3.633	1.788	70.435	-0.377	0.368	-0.08	-1.617	-1.784
5.13	2.62	17.156	-77.827	-16.771	3.618	1.62	70.471	-0.377	0.369	-0.08	-1.606	-1.778
5.14	2.452	17.176	-77.894	-16.794	3.602	1.452	70.507	-0.378	0.369	-0.08	-1.591	-1.771
5.15	2.284	17.193	-77.95	-16.814	3.589	1.284	70.543	-0.379	0.37	-0.08	-1.572	-1.767
5.16	2.116	17.206	-78.005	-16.83	3.576	1.116	70.579	-0.379	0.371	-0.079	-1.556	-1.762
5.17	1.948	17.215	-78.061	-16.843	3.561	0.948	70.615	-0.38	0.372	-0.079	-1.543	-1.756
5.18	1.78	17.221	-78.117	-16.852	3.546	0.78	70.651	-0.38	0.372	-0.079	-1.534	-1.749
5.19	1.611	17.24	-78.184	-16.875	3.53	0.611	70.686	-0.381	0.373	-0.078	-1.52	-1.742
5.2	1.442	17.255	-78.24	-16.893	3.517	0.442	70.721	-0.381	0.373	-0.078	-1.502	-1.738
5.21	1.273	17.267	-78.296	-16.908	3.503	0.273	70.756	-0.382	0.374	-0.078	-1.487	-1.732
5.22	1.104	17.275	-78.351	-16.919	3.488	0.104	70.791	-0.383	0.375	-0.078	-1.476	-1.726
5.23	0.935	17.279	-78.407	-16.927	3.472	-0.065	70.826	-0.383	0.375	-0.077	-1.468	-1.719
5.24	0.766	17.297	-78.474	-16.948	3.456	-0.234	70.861	-0.383	0.375	-0.077	-1.456	-1.711
5.25	0.596	17.311	-78.53	-16.965	3.442	-0.404	70.896	-0.384	0.376	-0.077	-1.438	-1.706
5.26	0.426	17.322	-78.586	-16.979	3.428	-0.574	70.93	-0.385	0.377	-0.077	-1.425	-1.701
5.27	0.256	17.329	-78.642	-16.99	3.413	-0.744	70.964	-0.385	0.377	-0.076	-1.414	-1.694
5.28	0.086	17.333	-78.698	-16.996	3.397	-0.914	70.998	-0.385	0.378	-0.076	-1.407	-1.687
5.29	-0.084	17.35	-78.765	-17.018	3.38	-1.084	71.032	-0.386	0.378	-0.076	-1.395	-1.679
